HDL 1
Diffusion data: 
channel 1
name	offset	GN0	A	txy	alpha	AR	B	T_tri	N	cpm	
Repetition 1	1.0	0.13053948633971454	1.0	0.35906893287541336	1.0	6.0	0.8412031798755596	0.005	7.661	846.598	
Repetition 2	1.0	0.27866796251327	1.0	1.1545545657462946	1.0	6.0	2.5982051445318213e-14	0.005	3.589	1832.743	
Repetition 3	1.0	0.16298880940336755	1.0	0.3259913070132338	1.0	6.0	0.45217084874325075	0.005	6.135	1036.221	
Repetition 4	1.0	0.17684952745518748	1.0	0.23883471200228057	1.0	6.0	0.061236333917945945	0.005	5.655	1122.18	
Repetition 5	1.0	0.16416655545456144	1.0	0.2658320474031328	1.0	6.0	0.40885579528414967	0.005	6.091	1027.124	
Repetition 6	1.0	0.1802892656698102	1.0	0.6249595038549828	1.0	6.0	0.4508200269837858	0.005	5.547	1138.492	
Repetition 7	1.0	0.16989578185033594	1.0	0.24556497561164065	1.0	6.0	2.0062949885611406e-12	0.005	5.886	1062.339	
Repetition 8	1.0	0.15347469805327799	1.0	0.27697443178757136	1.0	6.0	0.254056530051433	0.005	6.516	947.262	
Repetition 9	1.0	0.14038710309030517	1.0	0.3145000669561009	1.0	6.0	0.8764394133230284	0.005	7.123	883.486	
Repetition 10	1.0	0.1521107639162726	1.0	0.3226778900026514	1.0	6.0	0.45660290073599463	0.005	6.574	950.758	
Repetition 11	1.0	0.15078334506223967	1.0	0.2920855801457637	1.0	6.0	0.6032295982708568	0.005	6.632	932.556	
Repetition 12	1.0	0.16500106421724975	1.0	0.2424026463397617	1.0	6.0	0.3788112522090538	0.005	6.061	1024.466	
Repetition 13	1.0	0.16374076018932107	1.0	0.23869679487039994	1.0	6.0	0.28401841473457423	0.005	6.107	1020.059	
Repetition 14	1.0	0.140776552020136	1.0	0.3514682912922167	1.0	6.0	0.9265137304918806	0.005	7.103	871.201	
Repetition 15	1.0	0.18023765092939986	1.0	0.3627684062819529	1.0	6.0	0.3045471631135836	0.005	5.548	1112.512	
Repetition 16	1.0	0.16269835590642234	1.0	0.21095753317752758	1.0	6.0	0.2572689736864123	0.005	6.146	993.41	
Repetition 17	1.0	0.14278781126457699	1.0	0.3307788751964245	1.0	6.0	0.8422961634228974	0.005	7.003	886.171	
Repetition 18	1.0	0.14020465494039155	1.0	0.3694757762160746	1.0	6.0	0.4088316022380696	0.005	7.132	871.725	
Repetition 19	1.0	0.14358699746214318	1.0	0.3089687655518155	1.0	6.0	0.6904862172409821	0.005	6.964	872.343	
Repetition 20	1.0	0.1685993249520694	1.0	0.268652007612704	1.0	6.0	0.08684557255826682	0.005	5.931	1036.876	
Repetition 21	1.0	0.1585386136065517	1.0	0.2115480623235112	1.0	6.0	0.28415682222585825	0.005	6.308	962.055	
Repetition 22	1.0	0.14657787665873423	1.0	0.30026471638289187	1.0	6.0	0.6320487049062469	0.005	6.822	894.135	
Repetition 23	1.0	0.15746787347794097	1.0	0.26788346724870676	1.0	6.0	0.4747846959743799	0.005	6.351	952.865	
Repetition 24	1.0	0.150096610701639	1.0	0.3377801118648652	1.0	6.0	0.21556315599239687	0.005	6.662	915.845	
Repetition 25	1.0	0.14977459581210617	1.0	0.3022435338427119	1.0	6.0	0.36061215441859135	0.005	6.677	905.935	
Repetition 26	1.0	0.15627723450744743	1.0	0.36957682797163716	1.0	6.0	0.4817380389097646	0.005	6.399	942.29	
Repetition 27	1.0	0.1663682829153719	1.0	0.22590380043976932	1.0	6.0	7.597727774181604e-18	0.005	6.011	995.14	
Repetition 28	1.0	0.1542877482808741	1.0	0.3186426401819924	1.0	6.0	0.3653271698065662	0.005	6.481	921.584	
Repetition 29	1.0	0.15802106068489075	1.0	0.2722112128737167	1.0	6.0	0.3933016261040413	0.005	6.328	946.778	
Repetition 30	1.0	0.1524466966135999	1.0	0.3491544624990274	1.0	6.0	0.35591910946513383	0.005	6.56	901.111	
Repetition 31	1.0	0.15467174375338136	1.0	0.29216423260998686	1.0	6.0	0.5436421841174153	0.005	6.465	920.683	
Repetition 32	1.0	0.14150174396956447	1.0	0.38854515429210784	1.0	6.0	0.5328432771853422	0.005	7.067	838.121	
Repetition 33	1.0	0.1472156039613406	1.0	0.31252461060145537	1.0	6.0	0.27141978365070407	0.005	6.793	862.863	
Repetition 34	1.0	0.14875613326056097	1.0	0.3111658243356646	1.0	6.0	0.543883129355274	0.005	6.722	871.297	
Repetition 35	1.0	0.15322636163203976	1.0	0.3491626579250446	1.0	6.0	0.32824815531277385	0.005	6.526	907.83	
Repetition 36	1.0	0.17821677540907113	1.0	0.23597409813337955	1.0	6.0	0.1302729761097963	0.005	5.611	1053.034	
Repetition 37	1.0	0.16556882467957357	1.0	0.2638715195358316	1.0	6.0	0.21681118244656142	0.005	6.04	977.176	
Repetition 38	1.0	0.15793098496002145	1.0	0.30064719616502517	1.0	6.0	0.4587734402348288	0.005	6.332	921.002	
Repetition 39	1.0	0.16782998675540056	1.0	0.2432106031436054	1.0	6.0	0.18923573407480807	0.005	5.958	978.025	
Repetition 40	1.0	0.19346906573931108	1.0	0.1819791918726554	1.0	6.0	0.0910726782743988	0.005	5.169	1136.901	

GP data: 
Repetition 40	1.0	0.19346906573931108	1.0	0.1819791918726554	1.0	6.0	0.0910726782743988	0.005	5.169	1136.901	A	Mean	Sigma	
Repetition 1	23.160523841214143	-0.18800586356510873	0.08543807111543167	
Repetition 2	8.391633389355778	-0.17754690784421345	0.1685851117664443	
Repetition 3	16.561068847469883	-0.15830486638010344	0.10128883495700802	
Repetition 4	22.520268904153706	-0.1946006541824843	0.09052135276230433	
Repetition 5	17.756477656774017	-0.1691024053255903	0.08820864863080358	
Repetition 6	23.675269839403267	-0.17492474816836667	0.07420531836957833	
Repetition 7	19.471298247641933	-0.17282959882416193	0.0975991623654684	
Repetition 8	18.840989414639076	-0.14331405531325248	0.08480903430466147	
Repetition 9	15.818397493974068	-0.17214699705027647	0.11060527127265907	
Repetition 10	24.99307992659294	-0.1624487488271984	0.08317880287275847	
Repetition 11	20.704221464821202	-0.13993611675167217	0.09763162684823534	
Repetition 12	18.418360500320198	-0.16647556218522608	0.09458764119044583	
Repetition 13	26.044664244285755	-0.1607490679225838	0.07750285909847254	
Repetition 14	18.003479902872765	-0.17229502231401428	0.07570193419745208	
Repetition 15	25.22487323574851	-0.1537535551114546	0.08441662084943702	
Repetition 16	22.856292583990356	-0.13851991622628645	0.07542223109688462	
Repetition 17	18.869871464556876	-0.16078034810204467	0.09515904123740282	
Repetition 18	22.848118163104616	-0.1428376880486496	0.07302062651138819	
Repetition 19	13.350200596401463	-0.15314151268882636	0.09077206870645282	
Repetition 20	16.672634128261365	-0.13769769731731485	0.09958305291940661	
Repetition 21	11.726017579467563	-0.16583169646509133	0.13177394367486395	
Repetition 22	18.54989908935123	-0.13587280952793435	0.06340044009392787	
Repetition 23	22.626612682071222	-0.17667336578036874	0.09193639392341368	
Repetition 24	19.021701430005365	-0.1585424941314254	0.07450157039178507	
Repetition 25	13.812308759432735	-0.1767946672594345	0.08877729414349478	
Repetition 26	21.34546616878341	-0.18548041055500952	0.05626761785792045	
Repetition 27	19.280814878366858	-0.19163905551556204	0.08784784158228565	
Repetition 28	20.90723856696286	-0.16105993301812171	0.09695288824136727	
Repetition 29	19.026849849256845	-0.18416076200562959	0.08970318831115942	
Repetition 30	22.143157905365474	-0.1543095495716046	0.10180490330079106	
Repetition 31	27.180767673065652	-0.18205353564793425	0.07080938453971442	
Repetition 32	22.361612186365676	-0.2034368759582057	0.07103603770112588	
Repetition 33	22.02927036183022	-0.1498599972013931	0.0944730685017019	
Repetition 34	22.109114319158742	-0.16577167464954745	0.07741912899485537	
Repetition 35	23.76535110990119	-0.15880524688401787	0.08300966038279833	
Repetition 36	32.91485929407645	-0.1851415553815684	0.05943582478394105	
Repetition 37	40.4127527409659	-0.17034160977269064	0.03927851795956516	
Repetition 38	15.943889647273002	-0.16461259576730436	0.11293194766947168	
Repetition 39	22.28738269016761	-0.1726366936354633	0.07802211999725128	
Repetition 40	17.99811286164077	-0.151083943214518	-0.10302897679003942	
