LDL 1
Diffusion data: 
channel 1
name	offset	GN0	A	txy	alpha	AR	B	T_tri	N	cpm	
Repetition 1	1.0	0.17945119093152992	1.0	0.46952391094596546	1.0	6.0	0.17374880961092962	0.005	5.573	1977.314	
Repetition 2	1.0	0.1792475762166209	1.0	0.4699042076429282	1.0	6.0	0.29654601602034786	0.005	5.579	1920.147	
Repetition 3	1.0	0.19240106700147552	1.0	0.4817800280365292	1.0	6.0	0.12691239563868997	0.005	5.197	2050.854	
Repetition 4	1.0	0.1913100462835795	1.0	0.44668415777360637	1.0	6.0	0.16898236038187536	0.005	5.227	2005.411	
Repetition 5	1.0	0.18638057664991858	1.0	0.41217093390944576	1.0	6.0	0.3333477569089374	0.005	5.365	1946.132	
Repetition 6	1.0	0.17234058793813734	1.0	0.484478102740261	1.0	6.0	0.5414062999001298	0.005	5.802	1769.845	
Repetition 7	1.0	0.1948723230672384	1.0	0.47050316102880435	1.0	6.0	5.4424348402926456e-21	0.005	5.132	2007.725	
Repetition 8	1.0	0.18949485870498575	1.0	0.4799156164684045	1.0	6.0	0.14620825074384167	0.005	5.277	1943.177	
Repetition 9	1.0	0.1977112385172383	1.0	0.43884927185411055	1.0	6.0	0.3123704925074448	0.005	5.058	2018.217	
Repetition 10	1.0	0.18515291047739657	1.0	0.4440942096689343	1.0	6.0	0.3476000773610018	0.005	5.401	1891.158	
Repetition 11	1.0	0.1880855875473867	1.0	0.42903880398286875	1.0	6.0	0.16919646599546728	0.005	5.317	1884.736	
Repetition 12	1.0	0.19033597013575526	1.0	0.4787301996977514	1.0	6.0	0.2849136240986279	0.005	5.254	1908.097	
Repetition 13	1.0	0.6014459704853482	1.0	1.2905667233500129	1.0	6.0	0.05156330183491465	0.005	1.663	6189.03	
Repetition 14	1.0	0.18359594908613133	1.0	0.45854558874917284	1.0	6.0	0.1146173159708797	0.005	5.447	1843.859	
Repetition 15	1.0	0.18159382828920015	1.0	0.45756532010729517	1.0	6.0	0.12143773425661084	0.005	5.507	1837.843	
Repetition 16	1.0	0.18094030816528317	1.0	0.5094723910424562	1.0	6.0	0.4915483177751411	0.005	5.527	1805.449	
Repetition 17	1.0	0.17306658169769365	1.0	0.5164953609816373	1.0	6.0	0.33295968058536834	0.005	5.778	1726.549	
Repetition 18	1.0	0.1817990418161254	1.0	0.4200380141546974	1.0	6.0	0.3215973563789926	0.005	5.501	1811.93	
Repetition 19	1.0	0.19044058122229124	1.0	0.42395671069844215	1.0	6.0	0.08083425463113171	0.005	5.251	1889.014	
Repetition 20	1.0	0.17552066730481355	1.0	0.49824271381150176	1.0	6.0	0.4348135516500069	0.005	5.697	1748.715	
Repetition 21	1.0	0.1741845304619903	1.0	0.4848212130629976	1.0	6.0	0.19805618884573625	0.005	5.741	1711.76	
Repetition 22	1.0	0.19786746324850407	1.0	0.37689404666138326	1.0	6.0	0.04111156594949572	0.005	5.054	1966.194	
Repetition 23	1.0	0.202169380467088	1.0	0.38679274438982386	1.0	6.0	0.11589186656828618	0.005	4.946	2004.722	
Repetition 24	1.0	0.19550626786243244	1.0	0.3697141541324686	1.0	6.0	0.12484820385867715	0.005	5.115	1896.383	
Repetition 25	1.0	0.19968994070823784	1.0	0.46053182448031155	1.0	6.0	0.1663554619144315	0.005	5.008	1976.823	
Repetition 26	1.0	0.19368024017277097	1.0	0.4435271839487802	1.0	6.0	0.14613682337177522	0.005	5.163	1926.87	
Repetition 27	1.0	0.18897695088146083	1.0	0.3822052543969371	1.0	6.0	0.08341263605808731	0.005	5.292	1852.567	
Repetition 28	1.0	0.20310268953645458	1.0	0.39016936007564207	1.0	6.0	0.002219567002282744	0.005	4.924	2036.628	
Repetition 29	1.0	0.18044510657046092	1.0	0.4669224314911122	1.0	6.0	0.3911484250591792	0.005	5.542	1763.082	
Repetition 30	1.0	0.17583667402100403	1.0	0.5609088270873694	1.0	6.0	0.48165675866323093	0.005	5.687	1718.217	
Repetition 31	1.0	0.18088990332094887	1.0	0.5006518718140637	1.0	6.0	0.13845007825363215	0.005	5.528	1765.325	
Repetition 32	1.0	0.24545982636584404	1.0	0.6874602953444223	1.0	6.0	0.04694257082467842	0.005	4.074	2474.279	
Repetition 33	1.0	0.19591105559820096	1.0	0.42391641924617046	1.0	6.0	0.27720303205551633	0.005	5.104	1929.495	
Repetition 34	1.0	0.34697011189369575	1.0	0.9049373583091903	1.0	6.0	0.1760496757242052	0.005	2.882	3466.814	
Repetition 35	1.0	0.17938630797970376	1.0	0.47158491952051607	1.0	6.0	0.324098467198985	0.005	5.575	1758.334	
Repetition 36	1.0	0.18207342885719233	1.0	0.5006838445718582	1.0	6.0	0.09962634304776599	0.005	5.492	1782.19	
Repetition 37	1.0	0.19455723347937917	1.0	0.3764642346007728	1.0	6.0	0.04294985269593336	0.005	5.14	1883.046	
Repetition 38	1.0	0.18712613489284682	1.0	0.4550743761618345	1.0	6.0	0.2617011538766343	0.005	5.344	1823.941	
Repetition 39	1.0	0.18745812356470876	1.0	0.4581606249777749	1.0	6.0	1.900913900144216e-21	0.005	5.335	1803.909	
Repetition 40	1.0	0.18902636682827578	1.0	0.5357711005512277	1.0	6.0	0.10190796041564135	0.005	5.29	1850.824	
channel 2
name	offset	GN0	A	txy	alpha	AR	B	T_tri	N	cpm	
Repetition 1	1.0	0.1617862614944214	1.0	0.5364323059605522	1.0	6.0	0.27718931588907436	0.005	6.181	1883.352	
Repetition 2	1.0	0.16083577171724586	1.0	0.5190625066987208	1.0	6.0	0.30449238694252523	0.005	6.218	1817.902	
Repetition 3	1.0	0.1787039529604009	1.0	0.4407949518034593	1.0	6.0	0.0795869813727319	0.005	5.596	2014.041	
Repetition 4	1.0	0.16130238940257374	1.0	0.5776310406755859	1.0	6.0	0.11925179074162878	0.005	6.2	1779.009	
Repetition 5	1.0	0.16829679633573658	1.0	0.48895479411128007	1.0	6.0	0.1992511891815458	0.005	5.942	1838.018	
Repetition 6	1.0	0.16687013373483142	1.0	0.4472419893544038	1.0	6.0	0.18029722884348295	0.005	5.993	1820.433	
Repetition 7	1.0	0.16192235194776614	1.0	0.58380751527782	1.0	6.0	0.3175341672500921	0.005	6.176	1768.829	
Repetition 8	1.0	0.17725423064142454	1.0	0.5176457276380539	1.0	6.0	0.29499930259741713	0.005	5.642	1907.771	
Repetition 9	1.0	0.16269191460599586	1.0	0.5162158164783678	1.0	6.0	0.44342971337385967	0.005	6.147	1770.492	
Repetition 10	1.0	0.1737163735566074	1.0	0.46379466237074884	1.0	6.0	0.2845020764931918	0.005	5.757	1864.562	
Repetition 11	1.0	0.18147476655252875	1.0	0.4069620854541958	1.0	6.0	0.11180054007252967	0.005	5.51	1923.632	
Repetition 12	1.0	0.1680841539284779	1.0	0.4963737382643894	1.0	6.0	0.15077489178501827	0.005	5.949	1772.087	
Repetition 13	1.0	0.48563010750099	1.0	1.201046188872881	1.0	6.0	0.02012451882028237	0.005	2.059	5226.289	
Repetition 14	1.0	0.17220346178490092	1.0	0.44975792179593194	1.0	6.0	0.03704643827785494	0.005	5.807	1822.862	
Repetition 15	1.0	0.18759203204603858	1.0	0.3913698952584455	1.0	6.0	0.08545240241530763	0.005	5.331	1994.908	
Repetition 16	1.0	0.17466145159208674	1.0	0.48551648239688006	1.0	6.0	0.2692189323001941	0.005	5.725	1828.921	
Repetition 17	1.0	0.16860970204056075	1.0	0.5070916447942344	1.0	6.0	0.2917292495124777	0.005	5.931	1772.346	
Repetition 18	1.0	0.17212198942502216	1.0	0.45673366343139143	1.0	6.0	5.966301227894395e-15	0.005	5.81	1793.373	
Repetition 19	1.0	0.1642002608605995	1.0	0.5203544048197093	1.0	6.0	0.2237027357786005	0.005	6.09	1716.362	
Repetition 20	1.0	0.17694931881196427	1.0	0.5232566866522014	1.0	6.0	0.16272448070991227	0.005	5.651	1844.035	
Repetition 21	1.0	0.16277353505291398	1.0	0.5196860891423714	1.0	6.0	0.33639655685795977	0.005	6.144	1701.765	
Repetition 22	1.0	0.16249343972191968	1.0	0.5111735342807031	1.0	6.0	0.2921781636357483	0.005	6.154	1686.209	
Repetition 23	1.0	0.17278830279882934	1.0	0.4687139096304968	1.0	6.0	0.06072280268897917	0.005	5.787	1795.132	
Repetition 24	1.0	0.16920730823770452	1.0	0.4917394924997733	1.0	6.0	0.30955485875991845	0.005	5.91	1727.484	
Repetition 25	1.0	0.1833339855236172	1.0	0.4426324488170772	1.0	6.0	0.03901958271320763	0.005	5.455	1898.756	
Repetition 26	1.0	0.17005675549848445	1.0	0.5400239253309598	1.0	6.0	0.17231404692074462	0.005	5.88	1765.537	
Repetition 27	1.0	0.162160836788732	1.0	0.5105707471925363	1.0	6.0	0.3045066644441507	0.005	6.167	1665.593	
Repetition 28	1.0	0.18104733084017513	1.0	0.4808677567552896	1.0	6.0	0.273790371174346	0.005	5.523	1889.333	
Repetition 29	1.0	0.15778873792710787	1.0	0.5490119500888282	1.0	6.0	0.2178549260978645	0.005	6.338	1602.804	
Repetition 30	1.0	0.185154205951397	1.0	0.4072428259933425	1.0	6.0	0.01083357260321076	0.005	5.401	1899.873	
Repetition 31	1.0	0.17545460976096824	1.0	0.46709247106005997	1.0	6.0	1.0839471361590421e-16	0.005	5.699	1787.745	
Repetition 32	1.0	0.19272741738745178	1.0	0.6493559972987853	1.0	6.0	0.22754546866781172	0.005	5.189	2027.214	
Repetition 33	1.0	0.16631242994981651	1.0	0.5086968986574596	1.0	6.0	0.42131180101215515	0.005	6.013	1719.596	
Repetition 34	1.0	0.2855697015720821	1.0	0.909143880985298	1.0	6.0	0.1937440756078249	0.005	3.502	2966.04	
Repetition 35	1.0	0.17207945580557807	1.0	0.4777272877470877	1.0	6.0	0.1127974870139015	0.005	5.811	1768.628	
Repetition 36	1.0	0.1718755795244937	1.0	0.5120819886761367	1.0	6.0	0.10950007713478264	0.005	5.818	1765.604	
Repetition 37	1.0	0.1694973567491383	1.0	0.4434889765286373	1.0	6.0	0.38992472709948117	0.005	5.9	1707.01	
Repetition 38	1.0	0.17320176324654712	1.0	0.5471338220566558	1.0	6.0	0.3428517936283369	0.005	5.774	1767.529	
Repetition 39	1.0	0.16901445281564947	1.0	0.5364624682270661	1.0	6.0	0.3070439373983929	0.005	5.917	1704.327	
Repetition 40	1.0	0.18731284558116754	1.0	0.4686438211648035	1.0	6.0	0.1475533534477158	0.005	5.339	1912.691	

GP data: 
name	A	Mean	Sigma	
Repetition 1	32.90222049197211	-0.03612965056039408	0.07584371683716196	
Repetition 2	26.342113577252356	-0.015317667248528677	0.08759060114783845	
Repetition 3	23.67758266448805	-0.007600827879888916	0.07824914900019109	
Repetition 4	39.529726242729105	-0.01725506293003254	0.07996536852244773	
Repetition 5	27.607757546384004	-0.027795171020088993	0.08789048680047795	
Repetition 6	21.84876312615991	-0.03567710918939393	0.0839494123599247	
Repetition 7	34.777785539276685	-0.030684703240602573	0.07624409981354008	
Repetition 8	33.08922911160417	-0.018142049637948965	0.06829320365605684	
Repetition 9	26.60178566431748	-0.023017699328334085	0.0731986607093289	
Repetition 10	31.91118156138706	-0.026173105402239605	0.07236041802091786	
Repetition 11	26.970850281373693	-0.03266715311432966	0.07625587082284846	
Repetition 12	33.3290138968978	-0.020513284566572088	0.055612548356020364	
Repetition 13	7.6697354663501915	0.0036087674988312113	0.09453590189368066	
Repetition 14	30.966151378926664	-0.01157828488249435	0.0822881789514025	
Repetition 15	22.025278556557225	-0.03348800942240693	0.0810593549816403	
Repetition 16	34.764370447775136	-0.017619560711015003	0.07314040004172595	
Repetition 17	28.35897167764667	-0.031672940129087945	0.08883264042855599	
Repetition 18	20.172734301994176	-0.004736065966453151	0.08299260670019759	
Repetition 19	31.403265387351944	-0.025405460799736712	0.0745796286623579	
Repetition 20	37.73799464319993	-0.011978205017534993	0.06635772789556582	
Repetition 21	27.224354607024438	-0.02631443283261503	0.08062894252727704	
Repetition 22	28.8233632442636	0.002059857331081716	0.07691518858947122	
Repetition 23	29.75740650538683	0.005916040542230716	0.06839742733748677	
Repetition 24	25.788420793458332	-0.014500682942663712	0.08975400208200002	
Repetition 25	24.034967402257745	-0.01945921066461287	0.08950734844790187	
Repetition 26	20.4739840320739	-0.03282171230437003	0.10117394370459376	
Repetition 27	22.93737869845436	-0.017165834800576873	0.09587530230814711	
Repetition 28	36.66598663908949	-0.004509981060308865	0.07150674699551773	
Repetition 29	25.881993875002117	-0.04903783593061972	0.09043313044059076	
Repetition 30	25.392180879693637	-0.02096167794820103	0.08625271268573531	
Repetition 31	25.934819542991484	-0.018013017649803564	0.09409759595455824	
Repetition 32	19.057852657822227	-0.0010081580280484337	0.09030408346114704	
Repetition 33	33.55842630868911	-0.023409207883882455	0.06697358748528726	
Repetition 34	15.329067232038863	-0.000929940592898415	0.09347842373494997	
Repetition 35	34.072197804316254	-0.03601666858731034	0.06743224076486332	
Repetition 36	26.572255223936136	-0.02233731179624676	0.08115395150960758	
Repetition 37	28.199724969645846	-0.01033902200152148	0.08623619666940718	
Repetition 38	30.00093570001139	-0.020333985098406004	0.06995781136519885	
Repetition 39	24.25550048944625	-0.026165263896470226	0.08607086672690967	
Repetition 40	29.987432545408588	0.006621950143438138	0.06378016205625792	
