VLDL 1
Diffusion data: 
channel 1
name	offset	GN0	A	txy	alpha	AR	B	T_tri	N	cpm	D	
Repetition 1	1.0	0.913723153444853	1.0	0.741394016479226	1.0	6.0	0.22298250533037495	0.005	1.094	3904.74	14.5	
Repetition 2	1.0	0.8790757066503212	1.0	0.7819137814358966	1.0	6.0	0.09698303083367396	0.005	1.138	3591.765	13.748	
Repetition 3	1.0	0.9615216907984485	1.0	0.846741973936653	1.0	6.0	0.07009011781841228	0.005	1.04	3888.599	12.696	
Repetition 4	1.0	0.8296818834874009	1.0	0.6451123679949095	1.0	6.0	0.07364081585685518	0.005	1.205	3296.68	16.664	
Repetition 5	1.0	0.9016446928566318	1.0	0.7705133423768121	1.0	6.0	0.022957801934138464	0.005	1.109	3669.007	13.952	
Repetition 6	1.0	0.9038318979449994	1.0	0.8139570598892661	1.0	6.0	0.0996446776830809	0.005	1.106	3541.85	13.207	
Repetition 7	1.0	0.920387732413995	1.0	0.7383496327338986	1.0	6.0	0.24992813528851432	0.005	1.086	3504.012	14.559	
Repetition 8	1.0	0.8374474937753129	1.0	0.6844288787561648	1.0	6.0	0.07018613257657134	0.005	1.194	3245.812	15.707	
Repetition 9	1.0	0.7843146221639277	1.0	0.7219069336178371	1.0	6.0	0.07674039885891422	0.005	1.275	2897.647	14.891	
Repetition 10	1.0	0.9178720837644833	1.0	0.7713703634140453	1.0	6.0	0.1430296670654449	0.005	1.089	3608.094	13.936	
Repetition 11	1.0	0.909525492966235	1.0	0.7546119535787303	1.0	6.0	0.11747118567642742	0.005	1.099	3589.302	14.246	
Repetition 12	1.0	0.8536041749817224	1.0	0.7836834230901366	1.0	6.0	0.04966618941020026	0.005	1.172	3061.616	13.717	
Repetition 13	1.0	0.9342784637943425	1.0	0.6533249377979669	1.0	6.0	0.03305171407522994	0.005	1.07	3572.497	16.454	
Repetition 14	1.0	0.8308950855614544	1.0	0.5823238120187487	1.0	6.0	0.13647249735312364	0.005	1.204	2946.31	18.461	
Repetition 15	1.0	0.9892689009796417	1.0	0.7887665006091161	1.0	6.0	0.16866857885067874	0.005	1.011	3599.477	13.629	
Repetition 16	1.0	0.8982104611174986	1.0	0.8167103420072149	1.0	6.0	0.12915810047854087	0.005	1.113	3421.063	13.163	
Repetition 17	1.0	0.8968259774585106	1.0	0.7303336311209664	1.0	6.0	0.11012128499502347	0.005	1.115	3334.209	14.719	
Repetition 18	1.0	0.8970958371046465	1.0	0.7442133842315647	1.0	6.0	0.21514582527121512	0.005	1.115	3397.95	14.445	
Repetition 19	1.0	0.8422518163274885	1.0	0.6987369375811562	1.0	6.0	0.1256414196568885	0.005	1.187	3050.548	15.385	
Repetition 20	1.0	0.9455819830033139	1.0	0.7983135437238199	1.0	6.0	0.2266303904618904	0.005	1.058	3427.347	13.466	
Repetition 21	1.0	0.9065761290189294	1.0	0.7273597203664908	1.0	6.0	0.13515620439897744	0.005	1.103	3362.194	14.779	
Repetition 22	1.0	0.8917657168100505	1.0	0.6847890751713435	1.0	6.0	0.09967720995318359	0.005	1.121	3247.547	15.698	
Repetition 23	1.0	4.999999999999999	1.0	5.428645442599421	1.0	6.0	0.6430048175485803	0.005	0.2	17614.286	1.98	
Repetition 24	1.0	0.9181216251899499	1.0	0.6687894075509291	1.0	6.0	1.0695049991179616e-15	0.005	1.089	3229.109	16.074	
Repetition 25	1.0	0.9522644025000391	1.0	0.8470061649323904	1.0	6.0	0.07895185388473254	0.005	1.05	3502.653	12.692	
Repetition 26	1.0	0.9780272498291468	1.0	0.7176358598561785	1.0	6.0	0.06178540731509436	0.005	1.022	3544.66	14.98	
Repetition 27	1.0	1.1373634275489723	1.0	0.8683859990562511	1.0	6.0	0.0065593103438323875	0.005	0.879	4192.752	12.379	
Repetition 28	1.0	0.8830126917679897	1.0	0.6586438139955021	1.0	6.0	0.019650299723554882	0.005	1.132	3243.879	16.321	
Repetition 29	1.0	0.8701757780717029	1.0	0.6433872070065328	1.0	6.0	0.10555646759262596	0.005	1.149	3255.999	16.708	
Repetition 30	1.0	0.8790736187929319	1.0	0.7220315557819404	1.0	6.0	0.20341345518083412	0.005	1.138	3111.725	14.889	
Repetition 31	1.0	0.8679771706288558	1.0	0.6069273298898414	1.0	6.0	0.009186305941431454	0.005	1.152	3096.106	17.712	
Repetition 32	1.0	0.9261210832341912	1.0	0.7973314575500876	1.0	6.0	0.11388038570007455	0.005	1.08	3309.259	13.482	
Repetition 33	1.0	0.9721925260596154	1.0	0.8682566071767873	1.0	6.0	0.12346054766032384	0.005	1.029	3525.684	12.381	
Repetition 34	1.0	1.0461193824129285	1.0	0.7945777480453728	1.0	6.0	0.06358933105632213	0.005	0.956	3918.898	13.529	
Repetition 35	1.0	1.0264204736362983	1.0	0.680771672436775	1.0	6.0	5.014475448483635e-20	0.005	0.974	3593.796	15.791	
Repetition 36	1.0	0.8722222725077085	1.0	0.6915273089244234	1.0	6.0	0.12119461383698718	0.005	1.146	3031.538	15.545	
Repetition 37	1.0	0.9437999254797433	1.0	0.6856368503940657	1.0	6.0	0.05064187619432409	0.005	1.06	3463.814	15.679	
Repetition 38	1.0	0.8862554368228311	1.0	0.7664938405472392	1.0	6.0	0.009992597590742126	0.005	1.128	3215.489	14.025	
Repetition 39	1.0	0.9459411508393014	1.0	0.7742124034716864	1.0	6.0	0.12923591931595949	0.005	1.057	3424.99	13.885	
Repetition 40	1.0	0.9065362003850345	1.0	0.8280298065988416	1.0	6.0	0.07188151476194507	0.005	1.103	3287.009	12.983	
channel 2
name	offset	GN0	A	txy	alpha	AR	B	T_tri	N	cpm	D	
Repetition 1	1.0	0.7793316387505057	1.0	0.7248827811903018	1.0	6.0	0.009761255424826833	0.005	1.283	5007.293	14.83	
Repetition 2	1.0	0.8240029897972809	1.0	0.8007517397711723	1.0	6.0	0.0746784168057253	0.005	1.214	5024.594	13.425	
Repetition 3	1.0	0.8248484928801072	1.0	0.8452200142093491	1.0	6.0	0.16407035429034197	0.005	1.212	5035.891	12.719	
Repetition 4	1.0	0.7116100293593176	1.0	0.7301515115726854	1.0	6.0	0.11601886165994076	0.005	1.405	4179.715	14.723	
Repetition 5	1.0	0.7935322554240849	1.0	0.8215639956757324	1.0	6.0	0.09667402295563447	0.005	1.26	4806.293	13.085	
Repetition 6	1.0	0.768825727297549	1.0	0.7647364813753056	1.0	6.0	0.2034243495364663	0.005	1.301	4438.234	14.057	
Repetition 7	1.0	0.8501041691875071	1.0	0.7396795655177612	1.0	6.0	0.1129704292561272	0.005	1.176	4833.576	14.533	
Repetition 8	1.0	0.7451203663369036	1.0	0.6792533966380536	1.0	6.0	0.06899445689762992	0.005	1.342	4303.545	15.826	
Repetition 9	1.0	0.7339069599218029	1.0	0.6934780123366935	1.0	6.0	0.028179107815848002	0.005	1.363	4061.786	15.502	
Repetition 10	1.0	0.8030301150435959	1.0	0.7774312958276646	1.0	6.0	0.2061190488830668	0.005	1.245	4732.817	13.828	
Repetition 11	1.0	0.8050869576882163	1.0	0.6808761430851735	1.0	6.0	0.022162527587655825	0.005	1.242	4662.181	15.788	
Repetition 12	1.0	0.7580030451825511	1.0	0.7355665862913715	1.0	6.0	9.410795054924582e-26	0.005	1.319	4013.917	14.615	
Repetition 13	1.0	0.8005468514725994	1.0	0.7227536527713447	1.0	6.0	0.15833644989751652	0.005	1.249	4517.557	14.874	
Repetition 14	1.0	0.7706182658625007	1.0	0.6476754018928369	1.0	6.0	0.03867796277456413	0.005	1.298	4033.403	16.598	
Repetition 15	1.0	0.8462368079267996	1.0	0.8282582442795721	1.0	6.0	0.13499523676398908	0.005	1.182	4579.345	12.979	
Repetition 16	1.0	0.8048349004292926	1.0	0.6791500752946884	1.0	6.0	0.0022351412572008977	0.005	1.242	4417.529	15.829	
Repetition 17	1.0	0.8378093667006306	1.0	0.7457522303294453	1.0	6.0	0.02528007458866775	0.005	1.194	4565.925	14.415	
Repetition 18	1.0	0.8372922829028714	1.0	0.6807168757868693	1.0	6.0	0.04307339889828098	0.005	1.194	4648.6	15.792	
Repetition 19	1.0	0.8216246584267337	1.0	0.64144015897948	1.0	6.0	1.3058468099417674e-17	0.005	1.217	4378.448	16.759	
Repetition 20	1.0	0.8601326084007616	1.0	0.7918633732663007	1.0	6.0	0.11161687862059816	0.005	1.163	4562.707	13.576	
Repetition 21	1.0	0.842570212192544	1.0	0.7692911048473188	1.0	6.0	0.0494523002370267	0.005	1.187	4530.87	13.974	
Repetition 22	1.0	0.8415435524036956	1.0	0.6934962921942771	1.0	6.0	0.07014625618362566	0.005	1.188	4452.201	15.501	
Repetition 23	1.0	3.0518959204269276	1.0	2.0966283565546786	1.0	6.0	4.347868094731852e-23	0.005	0.328	15547.038	5.127	
Repetition 24	1.0	0.8629047995858573	1.0	0.7037658794907466	1.0	6.0	1.288890142487084e-16	0.005	1.159	4433.933	15.275	
Repetition 25	1.0	0.8476526764847082	1.0	0.790478213677011	1.0	6.0	0.1240756828710111	0.005	1.18	4480.024	13.599	
Repetition 26	1.0	0.9555914327311956	1.0	0.9338139606163504	1.0	6.0	0.1714309680653061	0.005	1.046	5107.143	11.512	
Repetition 27	1.0	0.9440431497490747	1.0	0.9018950262357197	1.0	6.0	0.1438151064097678	0.005	1.059	5014.029	11.919	
Repetition 28	1.0	0.7975453032981741	1.0	0.7330034425675067	1.0	6.0	0.1265222982232279	0.005	1.254	4228.697	14.666	
Repetition 29	1.0	0.7713589752025203	1.0	0.7366538701542732	1.0	6.0	0.07090590246530755	0.005	1.296	4205.247	14.593	
Repetition 30	1.0	0.836090448510324	1.0	0.6267987568491462	1.0	6.0	0.05512334816121981	0.005	1.196	4266.842	17.151	
Repetition 31	1.0	0.7785988266095052	1.0	0.6709068715532404	1.0	6.0	0.15177420629175878	0.005	1.284	4022.641	16.023	
Repetition 32	1.0	0.8477573474458389	1.0	0.8015814469532084	1.0	6.0	0.12953221595981018	0.005	1.18	4384.564	13.411	
Repetition 33	1.0	0.911525622762428	1.0	0.8651317391678103	1.0	6.0	0.03011654447187807	0.005	1.097	4804.141	12.426	
Repetition 34	1.0	0.9267450966782841	1.0	0.7938010065724276	1.0	6.0	1.2918984538275506e-15	0.005	1.079	5026.943	13.542	
Repetition 35	1.0	0.8656685800002458	1.0	0.6885320097829596	1.0	6.0	0.09618390765971381	0.005	1.155	4514.595	15.613	
Repetition 36	1.0	0.7992964380791638	1.0	0.714391880555735	1.0	6.0	0.13307124601905382	0.005	1.251	4047.79	15.048	
Repetition 37	1.0	0.8170644695375179	1.0	0.7121550765670234	1.0	6.0	0.15526130727197204	0.005	1.224	4332.75	15.095	
Repetition 38	1.0	0.8951306320771019	1.0	0.7876904102452954	1.0	6.0	0.10193845507256329	0.005	1.117	4678.412	13.647	
Repetition 39	1.0	0.8564014211952592	1.0	0.7495973315323631	1.0	6.0	3.340408474522693e-13	0.005	1.168	4532.351	14.341	
Repetition 40	1.0	0.8367511007626933	1.0	0.9219170378728204	1.0	6.0	0.14945060895458692	0.005	1.195	4515.035	11.66	

GP data: 
name	A	Mean	Sigma	
Repetition 1	39.57345090341846	-0.14659393070536142	0.09966669092746772	
Repetition 2	44.38499864102774	-0.16952538156897212	0.11642377812365523	
Repetition 3	31.017277020198854	-0.1612284387329297	0.1085326559599793	
Repetition 4	35.10770858123679	-0.15662099576403454	0.10623728770518315	
Repetition 5	34.70739319081317	-0.15817037222821928	0.1017453964352204	
Repetition 6	40.69974609274829	-0.18517686805440592	0.10700985553197762	
Repetition 7	34.2561477582487	-0.16965784976498777	0.10815716332598146	
Repetition 8	29.092098833278236	-0.15732445037831388	0.12108774230354191	
Repetition 9	31.32573156030105	-0.16343439661262638	0.13919147562442902	
Repetition 10	33.36447687958432	-0.1716201598125846	0.1087340496149134	
Repetition 11	35.60222584715667	-0.15293883819331933	0.11571014551745273	
Repetition 12	31.644313003765802	-0.15652240675373774	0.12106345662204676	
Repetition 13	38.66270826401064	-0.14572593567831316	0.1037102010231219	
Repetition 14	37.92822676163987	-0.1675289833974749	0.09974866122992054	
Repetition 15	30.627541161371006	-0.16126455731255585	0.1281398480486564	
Repetition 16	34.415885600126984	-0.152454635049329	-0.11682979199628774	
Repetition 17	30.22499402938528	-0.1573558822929514	0.12032767418651735	
Repetition 18	31.089488137585608	-0.17014993855604987	0.10546026997592484	
Repetition 19	29.654236123118906	-0.1619323375518994	0.12289129377846453	
Repetition 20	27.640376932926426	-0.17771176368971975	0.13677824668242744	
Repetition 21	37.73543379267552	-0.15486394311858975	0.11728181531797799	
Repetition 22	32.759665016349196	-0.15319264752204087	0.13502499226984743	
Repetition 23	37.24386599873009	0.9999999999997422	0.5535907844705314	
Repetition 24	30.03767923959899	-0.16779400104230402	0.10811726696907664	
Repetition 25	32.975502135043634	-0.1333621757048875	0.11766161084628157	
Repetition 26	32.60314704540856	-0.16546249073727448	0.10103041019349024	
Repetition 27	29.458728851965432	-0.16700150297840577	0.1357457786341616	
Repetition 28	27.253991694093926	-0.16522961135344616	0.14416595505370067	
Repetition 29	34.45746635007296	-0.15660858936643196	0.12424603665827938	
Repetition 30	27.526357451387874	-0.14772807254547315	0.14052812361718892	
Repetition 31	33.75819040999539	-0.16780027798917263	0.11444239843420712	
Repetition 32	31.703997405997942	-0.1568024746389829	0.12780236325077365	
Repetition 33	32.14875830896413	-0.16976579577321194	0.11880104644164824	
Repetition 34	36.992463590679314	-0.15397354807904795	0.10152297159658774	
Repetition 35	32.916883812977304	-0.1678306492082111	0.11592739204578106	
Repetition 36	33.05468163545267	-0.14537013501053486	0.10417419272604844	
Repetition 37	34.18976997699885	-0.14634629918387776	0.12725630543061084	
Repetition 38	36.86266044171216	-0.17043154121849025	0.11762784911371593	
Repetition 39	37.45847064159646	-0.18067452209060875	0.12520273866469656	
Repetition 40	29.985705566611397	-0.17738114102551228	0.1347764697488807	
