A_1__HDL
Diffusion data: 
channel 1
name	offset	GN0	A	txy	alpha	AR	B	T_tri	N	cpm	D	
Repetition 1	1.0001047341951868	0.30821997171252175	0.46742955036217265	0.2711167461425916	0.995692132991728	19.999984433429514	0.9999999999999999	0.0019516254148044848	3.244	1999.317	39.651	
Repetition 2	1.000533778367627	0.5783092904452346	0.5011482229296041	1.0357702996488463	0.7355261858658136	4.942336575601582	6.2423296461951595e-06	1.3076740006969556e-07	1.729	3804.346	10.379	
Repetition 3	0.995602540074708	0.6955324985758832	0.5522591192313494	0.005003158755857627	0.12217101721217967	5.505362370261659	0.999999126186454	0.00027605814201984584	1.438	4420.872	2148.643	
Repetition 4	0.9998586082776512	0.411888605088405	0.45115124790770844	0.20299250604749453	0.879439035870892	10.138630063677125	0.17426782832512946	7.113251736210217e-07	2.428	2613.644	52.958	
Repetition 5	0.9999843649363668	0.3409910425705904	0.474750009434493	0.26570818418595105	0.9969350880234921	19.999999968069083	0.40507310799635693	0.006233585502089547	2.933	2133.043	40.458	
Repetition 6	0.9981715785064902	0.43572876255795573	0.5160787312959553	0.5352674363304446	0.5060917910832883	1.57680241290265	0.35969102756292626	0.0011521935238290577	2.295	2751.727	20.083	
Repetition 7	1.000418662234252	0.2399794796811977	0.45241205700405984	0.5674937572076737	1.1117001154578323	19.99999948911772	0.5837824581506706	0.09368060505908671	4.167	1500.583	18.943	
Repetition 8	0.994886171104769	0.7662618795868912	0.5293552217853142	0.0004030440464452614	0.1159201297950546	19.99933391262888	0.3061073231082798	4.900265022941049e-06	1.305	4729.776	26672.023	
Repetition 9	1.0002853749668734	0.30303287634291826	0.4760021427930482	0.2840671615200668	1.08591002545724	19.996266362924565	0.9531852027264133	0.003384047515469492	3.3	1906.991	37.843	
Repetition 10	1.0002268990514105	0.33263225041878636	0.4851860075648445	0.2659993803486311	0.9613881464230408	19.99999982856219	0.5853609013989842	0.0018787066798073104	3.006	2079.27	40.414	
Repetition 11	0.9963717152181315	0.724828188857997	0.5344831870860669	0.0030524199798304006	0.20651580001438077	9.227394805172638	0.05918336961186815	0.004611622069110613	1.38	4481.677	3521.796	
Repetition 12	0.997125703159442	0.6104156072788122	0.5144748393151755	0.034894035015769806	0.22818949550068873	2.316904775525751	0.17063197657277307	4.431271684869425e-06	1.638	3790.773	308.076	
Repetition 13	1.000287450673228	0.3674545927704387	0.4774282390499118	0.18947247082901908	0.8939056383734196	19.83854789930101	0.2755681563652073	0.002093193366064262	2.721	2289.416	56.736	
Repetition 14	0.9956687770625788	0.7494479602947322	0.5660873687743033	0.0007029543880355946	0.16352321764075772	18.22677872853234	0.9999999999999999	0.000721811609033726	1.334	4638.788	15292.6	
Repetition 15	0.9946212607688372	0.606738056255337	0.5234716083567774	0.0607053735433996	0.2296150981386159	2.700042279842062	0.6071766728120044	0.0003727045296435485	1.648	3745.276	177.085	
Repetition 16	0.9968986158310059	0.5003847567508567	0.4997452133405661	0.0885986602426864	0.3183728527039799	1.7934665233233222	0.33899328246962973	0.0002894829686453338	1.998	3055.806	121.334	
Repetition 17	0.9950965150740033	0.766786280316291	0.5719785693258742	0.000886359452484559	0.19937624380912816	18.866415972365527	0.9999999999999999	0.0005115704679274044	1.304	4759.093	12128.262	
Repetition 18	0.9944586059929005	0.6551351819079132	0.5244255039526513	0.0024997909595945006	0.13172200954323549	9.637965813708297	0.9999998611159479	0.00029552275105633333	1.526	4074.143	4300.36	
Repetition 19	0.997482606385494	0.6413636092631699	0.5249909736882339	0.008883168435968893	0.2907577230728692	7.524626793947826	0.22718804366940085	0.00025477405596748676	1.559	3896.729	1210.154	
Repetition 20	1.0007738182564996	0.3504429691069741	0.4749927186099787	0.26451577143335436	1.0174495801588843	14.596858455469922	0.4947128129796652	0.0007698799693875977	2.854	2154.77	40.64	
Repetition 21	0.99716282849646	0.5469105792905453	0.5142746244098793	0.02059495499182896	0.3069843655453169	5.500527216834778	0.31050448971045125	0.0006376909679642849	1.828	3319.827	521.972	
Repetition 22	0.9966415773475003	0.7680893306263638	0.5514518626159703	0.000930989964074668	0.18214394130858932	15.922568528175645	0.9999999999999999	0.00027615349735606915	1.302	4684.935	11546.848	
Repetition 23	1.000289434248108	0.31481472101601926	0.4632671009816493	0.30957212677190443	1.0895906065887169	18.58707448251764	0.5455001654382752	0.007841314177474914	3.176	1905.429	34.725	
Repetition 24	0.9921724362038326	0.6186303512467702	0.5197092800435791	0.00799342451451034	0.06401652076742026	4.55222071531947	0.9999999986600424	0.0005581891756809241	1.616	3775.592	1344.855	
Repetition 25	0.9933420337028721	0.6569987183802208	0.5124930700011716	0.02280440509026116	1.5437596719616265e-08	1.9042061155224088	0.39121872247228673	0.001870754791135864	1.522	3974.329	471.4	
Repetition 26	0.9927144409200436	0.6580079430479137	0.5482738694278364	0.005024073797145768	0.09193532237783256	5.954313585062304	0.999999999999927	0.0006671262210094718	1.52	3966.917	2139.698	
Repetition 27	1.0006925698693747	0.3893358439917561	0.43117865467175776	0.23389260350225222	0.8938315845410393	3.330391434638562	0.17261207939614764	0.00012797917665460697	2.568	2329.356	45.961	
Repetition 28	0.9914067510192365	0.6002699195571587	0.5758637515446497	0.006707270853201878	0.010110608487997691	3.8785371044971013	0.9999975973793999	0.0008043757095126788	1.666	3585.105	1602.738	
Repetition 29	0.9947147001188765	0.6949358667974191	0.5313013256701314	0.0027834944268533618	9.675086242061317e-11	4.660771960334252	0.826110781140489	0.0006162320297744277	1.439	4163.457	3862.052	
Repetition 30	0.9921735662630973	0.6451069782649718	0.5256701718482955	0.004938579435723365	2.645632997027153e-16	4.6456358551353105	0.9999999999999999	0.0007831377733784611	1.55	3813.733	2176.739	
Repetition 31	0.9987556536352653	0.5301130608748172	0.5101993330955917	0.049131326118601715	0.3539825477569304	3.1690199589894283	0.9999948673966939	0.00010631432255625604	1.886	3155.999	218.801	
Repetition 32	0.9955366077832707	0.7621487203042312	0.5312333912198071	0.0007195423809344236	0.15240388708129726	19.205927014188998	0.9999999999999999	0.00014541826523651095	1.312	4514.482	14940.051	
Repetition 33	0.9940136965479042	0.6283745800211384	0.5154779069993006	0.006789962414065109	0.12558827765877534	5.370318642956724	0.6877056243107462	0.0003675495721757664	1.591	3684.116	1583.219	
Repetition 34	0.9966877047938365	0.6726551294742846	0.526731248651655	0.006062953532351923	0.18916224965977582	6.073615903764582	0.48101999047813154	0.000257900300606508	1.487	3938.707	1773.063	
Repetition 35	0.9945024243789521	0.6720041639818957	0.5243420857423229	0.004496216815113607	0.0971994331008968	6.0717916012766615	0.9999999999997197	0.00024627262649161457	1.488	3981.519	2390.899	
Repetition 36	1.0005001497629529	0.360035491985323	0.43814728772733164	0.301017890757832	1.0495385023961061	16.027254646571013	0.2599722784347035	0.018282470928025794	2.778	2126.916	35.712	
Repetition 37	0.9946019188560452	0.6393462349912797	0.5253580480880938	0.024450549175213207	0.10826875681114849	2.338945080256347	0.3994750815990806	0.000490624458968119	1.564	3773.749	439.663	
Repetition 38	0.9958578884035982	0.7077630579349927	0.5347535609266263	0.004057461080443823	0.15042352779919335	6.559315806500422	0.9999995375917827	0.0002495844061102494	1.413	4127.237	2649.44	
Repetition 39	0.9967076924226103	0.5280520517558205	0.5025938020847146	0.04318128058876456	0.34423292380984694	4.99523931020542	0.15686019698896733	0.0003663432942483759	1.894	3076.595	248.95	
Repetition 40	0.9992019144134652	0.42722476481470545	0.48145402595091435	0.15181907028230177	0.8181490690386625	13.670425623276328	0.9999999999999999	0.0002567329841953327	2.341	2510.313	70.808	
channel 2
name	offset	GN0	A	txy	alpha	AR	B	T_tri	N	cpm	D	
Repetition 1	0.9952758130677226	0.5045696094198545	0.4475091238170592	0.001451238379920709	0.009327127347763042	8.188625080381597	0.9101084498712636	0.0011820212517907117	1.982	5262.722	7407.467	
Repetition 2	1.001743100230355	0.599029882270963	0.5097088966259524	1.6542924414059788	0.6667884147278202	2.4057732579630153	0.1837669881350386	0.00022807138843412573	1.669	6349.054	6.498	
Repetition 3	0.9999864149840967	0.2978390409695405	0.38397723746961254	0.23820014629670536	0.9081493795498278	6.323361426124572	0.2824813222782196	0.011625218730278638	3.358	3008.849	45.13	
Repetition 4	0.9998774936642408	0.29282158908330286	0.42627429750565127	0.5134271741427757	0.6603681862929816	0.9540726061384692	0.8516700451278986	0.0004797189733455996	3.415	2977.243	20.938	
Repetition 5	0.9993886124927284	0.2870938536218814	0.43751625156789503	0.32991428200939116	0.6078924442628179	1.4033644608141533	0.9999999517788153	0.0005947650534546252	3.483	2876.707	32.584	
Repetition 6	0.9957073189329093	0.5798827358020534	0.4739512164836838	0.0011038124700549672	0.004435261128112036	8.395132043248445	0.8241802306767758	0.0005752057836595812	1.724	5845.5	9738.973	
Repetition 7	0.9999943534368048	0.33945717599073405	0.41347664179484633	0.15539760955739013	0.718993547096744	3.618995555475806	0.2407920483661906	0.0004006088007265686	2.946	3401.852	69.177	
Repetition 8	0.9999133578695262	0.2932312390120335	0.38873091665563586	0.20424380477447077	0.9039333954713232	8.029482043268757	0.44522145163737564	0.0002578939182552348	3.41	2901.969	52.633	
Repetition 9	0.9988413273320472	0.382253852733053	0.42403457142559126	0.14110539366454977	0.4205118289275125	1.5001360888089859	0.8807542301308179	0.00017943775715859977	2.616	3849.088	76.184	
Repetition 10	0.9997496879843446	0.30625113757265393	0.4150956609520314	0.47480467174627333	0.6310290059332438	0.8650686431173975	0.042126732548973596	2.8666025379935756e-07	3.265	3049.289	22.641	
Repetition 11	0.9971417806393198	0.5964282132806946	0.47062026502923954	0.001762579044765709	0.14239212507887447	8.560394500744566	0.9999995065635626	0.00020801515665043823	1.677	5911.236	6099.017	
Repetition 12	0.9955391985201665	0.5529178287788937	0.47781180093476133	0.0016270122062060509	0.01765569768550088	6.668999171673611	0.999999999271506	0.0007484848085805438	1.809	5459.844	6607.203	
Repetition 13	0.9979561612406451	0.5111872178826891	0.4559889370169401	0.00641727563570857	0.246156981416228	8.107939395501464	0.33115858848559304	0.0002898623537783813	1.956	5065.184	1675.166	
Repetition 14	0.9968777189548297	0.561806893781358	0.4757285851426143	0.0022022836659235582	0.16144654473597475	9.188393948691665	0.9999708447306387	0.00040135923768987094	1.78	5551.164	4881.297	
Repetition 15	0.999771733761947	0.32903509941215414	0.42163712325809943	0.186915386216242	0.7486923531326668	3.618636143799537	0.06695288914280266	5.587966643728643e-06	3.039	3232.736	57.513	
Repetition 16	0.9976232327811156	0.4933984756644674	0.454276851449999	0.007978217582274927	0.26757467768216164	7.558955896614748	0.2950391402792092	0.00030674452069667844	2.027	4850.448	1347.419	
Repetition 17	0.9952085437646597	0.5550481738037547	0.4622315707355611	0.0011175905846863333	1.7010641354248548e-16	8.049407308471887	0.8639033818531998	0.0006666350910167645	1.802	5443.634	9618.907	
Repetition 18	0.9965431157284713	0.544486684720818	0.4586421123198557	0.0027798910628125686	0.1601915779626118	8.334262139163405	0.6505199959229466	0.0003390409104426502	1.837	5336.029	3867.058	
Repetition 19	0.9990784072922508	0.3326931619725711	0.41501499404912157	0.328675879454384	0.4492377685633115	0.8442712336900536	0.18530719068344176	5.734364922258708e-06	3.006	3232.25	32.707	
Repetition 20	0.9952645020660236	0.5149978478045066	0.4417068862252741	0.0011684905418891899	2.569258694839809e-17	8.753933310671004	0.8465838066139345	0.0005303737159539118	1.942	5043.107	9199.903	
Repetition 21	0.9976027006162177	0.6021791099378975	0.4691621505325605	0.001529398980822512	0.20598987393242096	12.530705249496755	0.9999999999998876	0.00018163105452368873	1.661	5850.649	7028.905	
Repetition 22	0.9986792307968002	0.4026382273378246	0.44051961079289825	0.10220266226215667	0.3660930698521728	1.6937697748337568	0.9999999999999911	0.00022733359780133296	2.484	3871.204	105.183	
Repetition 23	0.994576339632642	0.5082449656638306	0.4612935596989493	0.0012809849478143643	0.010041545789482745	8.535635830813511	0.9999999995131433	0.00121265505157053	1.968	4912.093	8391.98	
Repetition 24	0.9969670510590705	0.49535068973062046	0.4302407487177041	0.004531225680502912	0.16740019558490363	9.000167130324398	0.24493766785407006	0.00024186049258859295	2.019	4762.754	2372.427	
Repetition 25	0.9997188328915627	0.308657715411029	0.4145029493445629	0.17432610848389168	0.7994626691376323	7.092434143167121	0.786915294583606	0.0002820744537797635	3.24	2970.238	61.666	
Repetition 26	0.9953750645764651	0.5755905317983938	0.502128039555182	0.0035513981906135634	0.1268475379477902	7.608605380760649	0.43695208600931046	0.0003544596386832651	1.737	5524.591	3026.977	
Repetition 27	1.0001440442285943	0.2816740146413114	0.38477581560657426	0.2779976961201971	1.0623525957034012	19.999999265965744	0.7068913364003869	0.0027062717079827923	3.55	2692.696	38.669	
Repetition 28	0.9997730809907663	0.31034268554625183	0.38497577220585893	0.19768189543688636	0.8601603689896345	6.154320586264248	0.03225941032223948	8.528924154704677e-06	3.222	2945.974	54.38	
Repetition 29	0.9965011624543447	0.5359543267231266	0.46199739917627286	0.0023425832447861524	0.12916815690344577	9.169757566562375	0.9999971745983068	0.0003789986981348832	1.866	5106.377	4588.951	
Repetition 30	0.9951328260929989	0.5286004146273657	0.4733144082479396	0.001386343378969898	7.430257267843467e-08	7.763763662363754	0.9999999999999999	0.0008795369226956069	1.892	4952.545	7754.212	
Repetition 31	1.000204444979311	0.27662294566350454	0.43090684217315967	0.763723800113102	0.8859322244181899	0.5653702908359558	0.7232620100892242	0.0007888209152896101	3.615	2621.814	14.076	
Repetition 32	0.9974032707354031	0.30012231490495783	0.4088977016174065	0.06962933612532737	0.010354084737251391	1.6535342635890848	0.9999984901154146	0.3038680953913891	3.332	2829.468	154.389	
Repetition 33	0.9954826661305957	0.5407058167012407	0.4574788847340329	0.002125454628820148	0.04154164041574169	6.443275078189055	0.9999991831552849	0.00020820637449763568	1.849	5075.717	5057.741	
Repetition 34	0.9962429132420015	0.5515044888951667	0.45886819070391405	0.0021229563334150578	0.0980823894316585	8.015004505992605	0.5034136252627972	0.00040703877007814164	1.813	5140.217	5063.693	
Repetition 35	0.9969819197523361	0.548047110447186	0.47906097989688196	0.005347555954078295	0.21023304435393045	8.439531951326686	0.3355808035453295	0.00028617906333949853	1.825	5160.313	2010.264	
Repetition 36	0.995077929738589	0.5146401980375762	0.4637273679390237	0.001876112498667946	0.07464791751205228	9.315746817601296	0.9999621010870171	0.00032850626230560367	1.943	4824.866	5729.934	
Repetition 37	0.9962398985202472	0.5444624098686643	0.4413409301621711	0.0018405230005881883	0.08316756367427922	8.275500280055729	0.393995820202187	0.00018749112883401417	1.837	5094.37	5840.731	
Repetition 38	1.0003002570577246	0.29362842210318396	0.3969918992224794	0.21761744386051474	1.045184588026846	19.99871223873276	0.021549787090541284	5.381124761399137e-06	3.406	2719.717	49.399	
Repetition 39	0.9946158601278341	0.5234630981159049	0.45400073955737047	0.0012364553085543383	5.749051139168461e-09	9.236407732774103	0.9784032636547428	0.0016083501498505351	1.91	4866.978	8694.208	
Repetition 40	0.9994562069961556	0.3753623241708564	0.41396471528898304	0.11139901877058228	0.5962637733956601	3.0314607376390503	0.20717594823313673	0.00022366516234013808	2.664	3484.368	96.5	
channel 2 vs 1
name	offset	GN0	A	txy	alpha	AR	B	T_tri	N	cpm	D	
Repetition 1	1.0001898746432376	0.28062056985161493	0.37638991697977625	0.31139133988878565	0.9728147097405162	5.3535200915084395	0.10463279212586035	0.0001055076779780231	34.522	
Repetition 2	1.0031102536599756	0.3755291262870809	0.4923478477638914	2.9353067987576114	1.1218448376805146	19.99999999924854	0.40836154897062865	0.21055543647271666	3.662	
Repetition 3	1.000136340944703	0.263878710821265	0.3995814693070381	0.362640673480558	1.0037819503358485	7.992775411409614	0.2901053593358306	0.01678759269561592	29.644	
Repetition 4	0.9943697546057947	0.5785359195592722	0.44435091064219845	0.0015169180280042492	2.0862753924825742e-16	8.425013649841882	0.1275949308971131	3.0079079210859627e-06	7086.738	
Repetition 5	0.9995608278876567	0.2008413867838466	0.38074395381944426	1.2537731636222829	0.3522636426122613	0.5550219227150541	0.8650673287819186	0.7623654404749606	8.574	
Repetition 6	0.9954397525048632	0.6051664316120293	0.49344796534463087	0.0011530855478465716	0.018390554316256302	10.267504065662592	0.9999999999014632	0.00046452780270392466	9322.812	
Repetition 7	1.0002024570659727	0.32789644336021845	0.40652328191670645	0.19508534730746024	0.8397455311015207	11.836635665023909	0.12050059223020972	1.7020954726265273e-07	55.104	
Repetition 8	0.9961770484877501	0.5420095935250423	0.45775015656283113	0.0029021635549364203	0.12716343659708457	8.320488632155461	0.4248996663306134	0.0004600800182899436	3704.133	
Repetition 9	0.9940118849115017	0.5156291691813355	0.40611197908159963	0.008070193081863993	1.1545903384433943e-12	4.3395929934324124	0.00023425896152707616	5.509239156825282e-06	1332.062	
Repetition 10	0.9979576227708942	0.41507534619985537	0.4101471852102217	0.2300371134614762	0.26969030214158535	1.1330043014178017	0.04094001944357607	4.34764859150451e-07	46.732	
Repetition 11	0.9969712661339953	0.5541842532765633	0.4726563610929584	0.003967093627849653	0.13500410789609935	5.944579967980057	0.7551758869702475	0.0005984075630053445	2709.792	
Repetition 12	0.999320147255549	0.3402460908146007	0.4158143301686327	0.15745239736714414	0.7330599310009186	5.656167078237342	0.4371272308370182	0.0003566100980034531	68.275	
Repetition 13	0.9959539379159186	0.53145907321525	0.41895726635653524	0.0019507020234898992	0.01851825847393022	7.554941455491192	0.18960693967768763	0.00013886415388735394	5510.837	
Repetition 14	0.9999797037521527	0.28792173956647354	0.38717148783148536	0.3135215352591687	0.9849378714283209	8.438119719902021	0.12314724631314033	0.007521388636090184	34.288	
Repetition 15	0.9960005467095266	0.578228436218588	0.49833049395620665	0.0021604660566044327	0.1073611686568247	9.107826643227387	0.9999999999998653	0.0004237782303218055	4975.778	
Repetition 16	1.000045666982545	0.15372672549441804	0.3596113246975569	1.1423033278686927	1.3786290486262713	1.6099627730582973	0.9847280433888582	0.14954779643672944	9.411	
Repetition 17	0.9999695344507479	0.2683325798187004	0.3664500593053161	0.3933600247634799	1.099057097568433	19.999983236143837	0.25943928895319435	0.010321591700043384	27.329	
Repetition 18	0.9947756679182904	0.4873781060363489	0.4398626739812956	0.011447938062706059	4.791829052684916e-08	3.329267555203125	0.820733180391443	0.0017278201481919502	939.034	
Repetition 19	0.9950127486205853	0.5370591204366072	0.42455901633071325	0.002296914832629105	9.217142057430003e-19	6.736941354902303	0.999999385908373	0.0001336463361361757	4680.191	
Repetition 20	0.9945127207907983	0.5151344400879292	0.45185550411104924	0.0020521980276749954	0.034925366279501734	8.911454233662436	0.6593446997943849	0.0003722797374270208	5238.286	
Repetition 21	0.9995837458145062	0.3149936567605387	0.38375663902874196	0.4027710462086866	0.6097438051037857	0.9491422794019128	0.003627130040040741	4.773486061498359e-06	26.69	
Repetition 22	0.9974657937348935	0.5278698810036699	0.47551602020960715	0.006191394385444183	0.24625182945340396	8.00131143870668	0.36434390573262476	0.000292525190187903	1736.281	
Repetition 23	0.9940919914484133	0.5529452870014077	0.4622354834383964	0.0022645898902620533	0.018628694602580334	6.887870178683519	0.578322546209748	0.0003630368835909923	4746.996	
Repetition 24	0.9971501048881634	0.5244192145888121	0.4545221686835286	0.003992400557974976	0.1904886902749184	9.56356696467963	0.4807480289892982	0.0003537743837229806	2692.616	
Repetition 25	0.9972160135298782	0.5091747776545612	0.4824795427742537	0.008576348594814574	0.2676842215660371	8.536925260922283	0.3511515750766832	0.0005055135577002994	1253.447	
Repetition 26	0.9941847778577757	0.6062780908747244	0.5050986429173949	0.0018527788013756145	3.5219366965279538e-09	6.494956271732421	0.6540301591461357	0.000797796889404633	5802.096	
Repetition 27	0.9957206770641553	0.517705403585764	0.5130734649218551	0.001899540298252913	0.0933634765110776	8.68017821717318	0.999852004835758	0.0007113047426673543	5659.264	
Repetition 28	0.9995268441907751	0.3321417420432096	0.41252749458342264	0.1699157967568125	0.804427456684529	5.597298376702378	0.3983681138697182	0.0027088655124389675	63.267	
Repetition 29	0.9948604246269724	0.5682291473369552	0.4550783212117842	0.0026536266187209175	0.012498300916852794	6.012861121363111	0.20831121259474047	0.0005182101879532848	4051.06	
Repetition 30	0.9947202872855649	0.5366898951949659	0.46399116732978585	0.001503536621844227	6.68416586072965e-22	8.920260737358491	0.9999997315277189	0.00043489845869882976	7149.809	
Repetition 31	0.9992452435638747	0.23548422626029633	0.39389551928794997	0.08516830777427875	0.29191749081046264	2.983936025028429	0.9999379752221899	1.4444150989541804	126.221	
Repetition 32	0.99959166648549	0.35631269471904486	0.4021373306838164	0.17876500215417168	0.8882974414792029	13.02318533184277	0.10768096514196596	4.1684633827228905e-08	60.135	
Repetition 33	0.9951350168208201	0.5307721000370703	0.4269869660220971	0.0018709526780960562	0.04484544586826458	8.776240964927817	0.23399611821295205	0.0001569656494694686	5745.736	
Repetition 34	0.9951187624511483	0.5221952458253485	0.42496867582075926	0.0019336045878522834	0.013973806727131622	8.281812522055617	0.16942959883745506	0.00048098933867630697	5559.565	
Repetition 35	0.9947841339785842	0.5598746456165068	0.4298183933236381	0.0020025615268504165	3.305882297408371e-08	7.72457388981706	0.11969929657943473	5.127292804410256e-05	5368.125	
Repetition 36	0.9996409688157296	0.3254739899762071	0.40310946907977935	0.19986601547432312	0.8418003810673057	8.236120815892434	0.14798878784040562	0.000400547406818391	53.786	
Repetition 37	1.0002363050570415	0.15989375390162214	0.38090430727855584	0.5651946757784857	1.0665379020673895	18.20924678089434	0.9967541005690805	0.2436245651148559	19.02	
Repetition 38	0.9946824853991937	0.5306059532475443	0.44949475530770655	0.0013476526404550757	2.327926909089821e-09	8.422936410943437	0.6448045791969051	0.002149808946689262	7976.833	
Repetition 39	0.9996907730559054	0.3315716951730005	0.3985814850448436	0.22915265673756677	0.8280596103141552	8.17679858088545	6.373524398842548e-05	9.466590118247461e-08	46.912	
Repetition 40	0.9971371150901417	0.5780193248838268	0.4882284917043138	0.0018545662549028813	0.1370813506014516	9.392732228876389	0.9998506166808601	0.00042231031372397227	5796.504	
channel 1 vs 2
name	offset	GN0	A	txy	alpha	AR	B	T_tri	N	cpm	D	
Repetition 1	1.0010911769093493	0.29520012314683586	0.40407937959510837	0.23033216360894304	1.0311099526656176	10.112270122069281	0.6885391739809783	0.0015904994533224375	46.672	
Repetition 2	0.9994454160431014	0.5366649825464878	0.5268398044623193	1.5862422079241503	0.5417121249957217	1.6846858237190423	0.17187608818454425	0.008681211508181293	6.777	
Repetition 3	1.0000318640855548	0.20382513476989295	0.37794681086126364	0.7558482649349578	0.9813058094059959	2.394386862527589	0.5582919552632967	0.11871554170898423	14.222	
Repetition 4	0.999777440811629	0.30216452130168725	0.4271903874948326	0.27648491642319656	0.952835196618788	18.906734948461086	0.250504079936523	0.003016048033851046	38.881	
Repetition 5	0.9991382475610893	0.3585807460287292	0.3975734182527696	0.29449175981202164	0.49704466437139144	1.3541183024611032	1.0024686034667083e-13	0.03910069249796605	36.504	
Repetition 6	0.9995453786651934	0.37108587059055903	0.4532299949676008	0.20906447700927436	0.5539706683877177	3.044790649449358	0.27099031665820533	7.047018465975689e-06	51.42	
Repetition 7	0.9945232688747305	0.49702202031187476	0.4603043857935724	0.0015271274049711934	1.895667895389479e-30	9.077396562076942	0.9999999999998175	0.00096034712356368	7039.36	
Repetition 8	0.9950232926458636	0.5482736713730364	0.4258260177215207	0.0021668357935934403	5.440047208245197e-06	6.327229862662394	0.2683049206042629	0.00037586490177175997	4961.151	
Repetition 9	0.9946324316562372	0.5558003555096539	0.4319114730033069	0.0021300779764107246	0.03278547960890638	7.59281132557939	0.13825832709549607	0.00016564065875493888	5046.764	
Repetition 10	1.000231440301214	0.3034014124027981	0.40469255385468983	0.24747016829818289	0.9139061813054703	8.721735278771002	0.40341676756556794	0.00229517521428896	43.44	
Repetition 11	0.9995286514912178	0.3270664672358782	0.37946502042755503	0.2275804988554891	0.7291497506918114	3.173453832402378	0.08812251741920368	1.0231430968591608e-06	47.236	
Repetition 12	0.9944353751419426	0.564927626660994	0.44825434450692914	0.004874621914922703	2.0617483351974127e-25	4.308092467221104	0.9999999999996713	0.00016245819864009402	2205.299	
Repetition 13	1.0002746173044308	0.2872595065248293	0.397013503205748	0.2708217350388533	0.9356723144796506	6.4428552023733365	0.20722020862436555	0.002293609762326354	39.694	
Repetition 14	0.9955633663282475	0.5488924904786692	0.44661309677181454	0.0009739212066044405	0.00018094266092535615	8.545220075755367	0.9999985143088226	0.0003392672426420327	11037.854	
Repetition 15	1.0001989570744636	0.28439254644054845	0.3887485310218912	0.4048598323058306	1.0829768792369925	19.9978167676481	0.2805068765743205	0.004240672199786896	26.552	
Repetition 16	1.0000879518492793	0.284017366318311	0.3795482202406256	0.2737264315024215	1.054420852565697	11.03493890383027	0.10709039380960532	0.020427678205326098	39.273	
Repetition 17	0.9946374264863995	0.5633328768612114	0.42516377488139884	0.01647645147639353	5.182995557292188e-09	2.4286487503204195	0.00025602928561325317	3.093522439477719e-07	652.446	
Repetition 18	0.9993640348766744	0.3452453571419509	0.40265363318764313	0.19901948726416896	0.6611861518046169	2.534396432465623	0.9999999999984445	0.00022441830833229824	54.015	
Repetition 19	0.9965300008583613	0.4661536727852552	0.436789373595098	0.018109163948330002	0.10345375097847695	3.1745657730700945	0.4689445075730833	0.0030784672480829557	593.622	
Repetition 20	0.998724201268651	0.32784302199755944	0.4069275193921523	0.0026009569712550683	0.18625661199239676	15.233289333713845	0.9999510817569712	1.2033934131410677	4133.094	
Repetition 21	0.9981311448391815	0.41944422567961254	0.4582402767159337	0.03995142158152418	0.29881266148625363	3.068673806004628	0.9999999999999987	0.00039184185705062814	269.077	
Repetition 22	0.9964021770386373	0.6058801078405303	0.4643267753049348	0.0018090921554429053	0.09103503215064973	7.720757349119366	0.8192251436635543	0.00022203974814281652	5942.207	
Repetition 23	1.0001703324858617	0.24378871521588974	0.377409888441379	0.4262781455871356	1.2704259402757565	19.99999881850979	0.3562796652661759	0.04171890060643601	25.218	
Repetition 24	1.0000374775630179	0.31855281414061726	0.4004867392077107	0.18921951217315466	0.8098667088554541	4.949881801671432	0.1581059109838835	7.677461320840845e-06	56.812	
Repetition 25	0.99508588985233	0.5292410953654264	0.4322009791434885	0.0013918856864347643	9.94739542979224e-11	8.474244928153148	0.02498578179021768	5.681454916537761e-07	7723.335	
Repetition 26	0.9937246560467337	0.5711775781318904	0.4520347470804403	0.002181102489291367	8.34218741929253e-16	7.850356398189222	0.14571205123876843	3.3250447104875624e-06	4928.7	
Repetition 27	0.9997933095805438	0.3343096460710283	0.40567217705390984	0.31863301751693	0.5591323087834374	1.2037517420878605	0.42367833034951746	0.0005223494929607219	33.738	
Repetition 28	0.9996005815849139	0.3098364859769786	0.4023933807594004	0.5308088331887758	0.6385969631993094	0.8300242621621609	0.039114159235171	4.927808006211267e-06	20.252	
Repetition 29	0.9952332813681759	0.5375812116823587	0.44026638901052323	0.0012838652552531352	3.4350436402820527e-13	8.704961908144679	0.9999999999978606	0.00019082552472291647	8373.153	
Repetition 30	0.9951104997850144	0.562739058014614	0.44287875628803325	0.0011888151111147092	1.5572694896044286e-06	8.850971381656853	0.5500658052381217	0.001339052293046679	9042.617	
Repetition 31	0.9947911602008043	0.5213646077009056	0.46352613822176275	0.0016539710612669444	0.04671725324383516	9.462791788823713	0.9999991318677077	0.0004942432777373805	6499.509	
Repetition 32	1.0000335974204173	0.22218762596522196	0.38177377306733057	0.5338358303530276	1.130982256266229	19.776896522216603	0.39579231946001436	0.06966891568503875	20.137	
Repetition 33	0.9997331559742841	0.297040967753101	0.38209765601046314	0.2286410532433697	0.9563744524681458	11.443224777293697	0.22496180318776907	0.015260026040296679	47.017	
Repetition 34	0.995122902936368	0.5643944033600149	0.45771658793754044	0.0018400173087278517	0.033669011458174386	7.312698620219883	0.9999999998794487	0.00021062122514476676	5842.336	
Repetition 35	1.0001682712295719	0.290725279292399	0.39173594243977944	0.32503423512093693	1.0744082778674466	19.99999821924869	0.492700244409492	0.0034154060042858314	33.073	
Repetition 36	0.9967073191624002	0.6051524844767587	0.45507994347920183	0.0005533021331486248	0.1206699453217075	19.99996349819702	0.25332469088207316	2.853367913027717e-06	19428.806	
Repetition 37	1.0000947055263623	0.23241453514676105	0.397666121256466	0.3957957114386877	1.172757647746735	19.99998945820227	0.41553035246422815	0.042054814891022085	27.16	
Repetition 38	0.9999596290275777	0.17613397706709952	0.3809950539964781	0.1633462503219417	0.7502620076880806	16.68454379652648	0.9999963481232221	6.115015406880665	65.811	
Repetition 39	0.9952648839120265	0.5701813239036287	0.4767436496528778	0.0009399451129056861	3.209222115473405e-10	8.767230815618895	0.8029029205947729	0.0009116093096430358	11436.838	
Repetition 40	0.9957618065217769	0.5743772240544154	0.44467981889593716	0.002759522521868635	0.0950299503001697	7.5488551075483885	0.2875917387257773	0.00022761313109270903	3895.601	

GP data: 
name	A	Mean	Sigma	
Repetition 1	23.160523841214143	-0.18800586356510873	0.08543807111543167	
Repetition 2	8.391633389355778	-0.17754690784421345	0.1685851117664443	
Repetition 3	16.561068847469883	-0.15830486638010344	0.10128883495700802	
Repetition 4	22.520268904153706	-0.1946006541824843	0.09052135276230433	
Repetition 5	17.756477656774017	-0.1691024053255903	0.08820864863080358	
Repetition 6	23.675269839403267	-0.17492474816836667	0.07420531836957833	
Repetition 7	19.471298247641933	-0.17282959882416193	0.0975991623654684	
Repetition 8	18.840989414639076	-0.14331405531325248	0.08480903430466147	
Repetition 9	15.818397493974068	-0.17214699705027647	0.11060527127265907	
Repetition 10	24.99307992659294	-0.1624487488271984	0.08317880287275847	
Repetition 11	20.704221464821202	-0.13993611675167217	0.09763162684823534	
Repetition 12	18.418360500320198	-0.16647556218522608	0.09458764119044583	
Repetition 13	26.044664244285755	-0.1607490679225838	0.07750285909847254	
Repetition 14	18.003479902872765	-0.17229502231401428	0.07570193419745208	
Repetition 15	25.22487323574851	-0.1537535551114546	0.08441662084943702	
Repetition 16	22.856292583990356	-0.13851991622628645	0.07542223109688462	
Repetition 17	18.869871464556876	-0.16078034810204467	0.09515904123740282	
Repetition 18	22.848118163104616	-0.1428376880486496	0.07302062651138819	
Repetition 19	13.350200596401463	-0.15314151268882636	0.09077206870645282	
Repetition 20	16.672634128261365	-0.13769769731731485	0.09958305291940661	
Repetition 21	11.726017579467563	-0.16583169646509133	0.13177394367486395	
Repetition 22	18.54989908935123	-0.13587280952793435	0.06340044009392787	
Repetition 23	22.626612682071222	-0.17667336578036874	0.09193639392341368	
Repetition 24	19.021701430005365	-0.1585424941314254	0.07450157039178507	
Repetition 25	13.812308759432735	-0.1767946672594345	0.08877729414349478	
Repetition 26	21.34546616878341	-0.18548041055500952	0.05626761785792045	
Repetition 27	19.280814878366858	-0.19163905551556204	0.08784784158228565	
Repetition 28	20.90723856696286	-0.16105993301812171	0.09695288824136727	
Repetition 29	19.026849849256845	-0.18416076200562959	0.08970318831115942	
Repetition 30	22.143157905365474	-0.1543095495716046	0.10180490330079106	
Repetition 31	27.180767673065652	-0.18205353564793425	0.07080938453971442	
Repetition 32	22.361612186365676	-0.2034368759582057	0.07103603770112588	
Repetition 33	22.02927036183022	-0.1498599972013931	0.0944730685017019	
Repetition 34	22.109114319158742	-0.16577167464954745	0.07741912899485537	
Repetition 35	23.76535110990119	-0.15880524688401787	0.08300966038279833	
Repetition 36	32.91485929407645	-0.1851415553815684	0.05943582478394105	
Repetition 37	40.4127527409659	-0.17034160977269064	0.03927851795956516	
Repetition 38	15.943889647273002	-0.16461259576730436	0.11293194766947168	
Repetition 39	22.28738269016761	-0.1726366936354633	0.07802211999725128	
Repetition 40	17.99811286164077	-0.151083943214518	-0.10302897679003942	
