A_1__VLDL
Diffusion data: 
channel 1
name	offset	GN0	A	txy	alpha	AR	B	T_tri	N	cpm	D	
Repetition 1	0.9989079918592039	1.1405421681335015	0.80651863917779	0.7692838816013319	0.9083112664735306	3.8539483446959006	0.1900556869866153	0.0074756814906285175	0.877	4870.907	13.974	
Repetition 2	1.0003658156579562	1.1237399675234643	0.8012746777612152	0.7041552207636668	0.9456447566310523	19.999999999999996	0.3737909137628307	0.0004626398039992405	0.89	4592.616	15.267	
Repetition 3	1.0024449537810582	1.2293584840059233	0.7961174868561914	6.077843509513305	1.7102909909860435	0.21764156125510328	0.03342148773899908	0.00860852233514399	0.813	4974.345	1.769	
Repetition 4	0.999642747063016	1.0417663082177577	0.7956380805890865	0.6575321994285871	0.9260255173941699	5.017747870952642	0.06367448276662784	0.014684041619466594	0.96	4138.021	16.349	
Repetition 5	0.9983517106893887	1.1428109051061952	0.7997013771056135	0.7502829000218404	0.914320919026537	6.089777295736596	0.9999999999999999	0.00014005620650348643	0.875	4650.204	14.328	
Repetition 6	1.0005608438549298	1.1314744385608488	0.7971724729532712	0.7927881721024361	1.022579531569916	12.90781602538272	0.1051658911050099	0.004586548791014211	0.884	4431.319	13.56	
Repetition 7	1.0003755603992848	1.1420149106086865	0.8099078945173817	0.7231852898650342	0.9951025932174447	6.510371478485961	0.2540889888484113	0.004362062312140485	0.876	4344.015	14.865	
Repetition 8	1.000745408774417	1.0615449089231948	0.8000457707285091	0.6414791032955498	0.9517128692315008	9.296651544628643	0.16787236970959002	0.0009545268368870719	0.942	4114.119	16.758	
Repetition 9	0.9995927238072363	0.9835339990399441	0.7981193536450089	0.7039675001861387	1.0273161423712893	12.09389003017317	0.1857593237759269	0.0013263250575944925	1.017	3632.743	15.271	
Repetition 10	0.9968514466920274	1.1998470699597925	0.8055730030188059	0.7579881573725914	0.8275544116917692	2.950019892415321	0.23286321537768565	0.0007886787777105646	0.833	4716.944	14.182	
Repetition 11	0.9987692705456805	1.1887869915682063	0.8052898790728534	1.5854180558781077	0.7016723286217292	0.776321796115331	0.42049867242471306	0.00033249723619465076	0.841	4690.42	6.781	
Repetition 12	0.9982781128405099	1.0919661041430355	0.7973228152784876	0.7380005974925808	0.9452397850318364	8.01369655415598	0.9999999999999875	0.0001220636159812279	0.916	3917.265	14.566	
Repetition 13	0.9994490989245127	1.1194804732863117	0.7920518002342254	0.7225741276487786	1.0051889843545316	19.99999999875264	0.08914242696069737	0.04352460879530251	0.893	4280.595	14.877	
Repetition 14	0.9966072195585977	1.0643306826545944	0.8082176966389517	0.6042624096585747	0.9071325380132784	2.8492599486723367	0.38211483749398484	0.0006390384861294574	0.94	3773.784	17.79	
Repetition 15	1.0000735238262324	1.2444304743875856	0.8053973544441707	0.8033986491054788	0.9752342950578254	3.6599437080653034	0.22927768793359032	0.002139215428146283	0.804	4526.208	13.381	
Repetition 16	1.0045050098140629	1.1138898436655609	0.8025156117578854	0.7789927903886049	1.059597160198364	19.968543352403316	0.23809844915735698	0.0017751855520051034	0.898	4240.137	13.8	
Repetition 17	0.9990474277789715	1.154053561722802	0.8027519101905529	0.6583708379425828	0.8993361445087108	7.969881198967018	0.1376609240425628	0.0014166321798033986	0.867	4287.939	16.328	
Repetition 18	0.9993737042536942	1.1210181616051662	0.8090618339480066	0.7355059853036164	0.9986721580490279	5.066187826763734	0.24902039911461185	0.0029860980400522644	0.892	4247.438	14.616	
Repetition 19	0.9990770158209715	1.0670964172765989	0.8194174583704952	1.3161699325078824	0.7948926866779041	0.8664185190724428	0.9999999999999948	0.00024513873369583596	0.937	3864.461	8.168	
Repetition 20	0.9997945349017557	1.1823323197332103	0.8080511686252082	0.8029771777792672	0.9645990282168893	4.27343048530572	0.22761222749433127	0.0040924422411907375	0.846	4286.21	13.388	
Repetition 21	0.9963124756902668	1.1306292971109662	0.7985791598329882	0.8403835828890008	0.9034247245586939	2.8146194947875514	0.12047986272448807	0.012424162184468106	0.884	4195.136	12.792	
Repetition 22	1.0004892002658667	1.1205673174509674	0.7978075758735054	0.7914467320389487	0.8695712622653989	2.4183125839766233	0.07830388218836119	0.01429511812503705	0.892	4081.278	13.583	
Repetition 23	1.092858374663966	4.999999999986842	0.9999999999999999	3.8349932931767565	2.2298398636047336	19.999999999999996	0.3845096351982998	0.8102946694431581	0.2	17614.286	2.803	
Repetition 24	0.9980029719862517	0.8694443021743602	0.7667618033935827	1.2962000321268927	1.1660472746700121	12.401260885000735	0.3983558198248775	0.17563664640665855	1.15	3057.826	8.293	
Repetition 25	0.9989276336821128	1.2115990953160758	0.7910158528771702	0.8164856784387551	0.9996545149872866	11.28115135023515	0.12971927089971091	0.0018309883770809185	0.825	4457.922	13.166	
Repetition 26	0.9985644431938903	1.153081882375421	0.7922332802114789	0.8401619736432929	0.9905217955536467	8.030664412389745	0.12171866062024644	0.057763501118595066	0.867	4178.365	12.795	
Repetition 27	1.005961607462135	1.4293578378087346	0.7889051437303761	0.8365704225644524	0.9681600367893908	18.214849448061848	0.34402758240597126	0.0004112512464977427	0.7	5264.898	12.85	
Repetition 28	0.9994262648201395	1.1217261061079429	0.7984052635760785	0.6282295261208701	0.9156027774810136	7.3880233447775225	0.3914822244072769	0.00018682569342142006	0.891	4121.292	17.112	
Repetition 29	0.999845857192332	1.0663331598475214	0.7998024699799934	0.6663424709448914	1.020745202459066	8.756332804402666	0.11078030652574627	0.0113634451350781	0.938	3988.425	16.133	
Repetition 30	0.9995394868980942	1.100885681375979	0.8097509471310299	0.6802610732090825	1.0086515695488472	10.948530442964806	0.2541381078909921	0.0024443288692907916	0.908	3899.937	15.803	
Repetition 31	0.9986813535885635	1.0753152144103384	0.7995014735437054	0.6170093873419354	1.0046806027293789	9.292563253448606	0.25401265708439086	0.000626894676625402	0.93	3835.177	17.423	
Repetition 32	0.9991973741787831	1.1704839071683488	0.8010421240663367	0.8180824019207787	0.9516093395110878	3.6924487370853663	0.1264334048521782	0.0028570947737287756	0.854	4185.012	13.14	
Repetition 33	1.0005748503703145	1.2340574475327684	0.804710688209683	0.8268913654345605	0.9226496982745294	5.164335752081669	0.33052983032219085	0.0008733357144069929	0.81	4478.924	13.0	
Repetition 34	0.9968551431371723	1.2100670323216696	0.7810373302749465	1.1302063562038378	1.0168976762562854	3.0779043496011957	0.17170222429597107	0.05257177449235004	0.826	4535.674	9.512	
Repetition 35	1.0005088240391413	0.8979036095383249	0.7649227448677933	1.359332372494009	1.1096104837712706	6.026596710770971	0.49631945352725537	0.3376990515141504	1.114	3142.152	7.908	
Repetition 36	0.9994788808189693	1.1093915696142838	0.805737253438872	0.7000898747016818	0.9377813421012046	3.265169246526217	0.23477310028700987	0.0009278684225230507	0.901	3855.874	15.355	
Repetition 37	0.9977177663358977	1.158856580408166	0.7914875476900711	0.728894182343896	1.01595455158931	12.703728047234295	0.08046556141546317	0.01941877631959029	0.863	4254.511	14.748	
Repetition 38	0.9988221343592973	1.107851248967219	0.7940928282877917	0.7753703109376409	1.0002210627835637	8.63627243254339	0.27894751509122023	0.000538396802181192	0.903	4016.69	13.864	
Repetition 39	0.9975662158155241	1.1749915949961833	0.7977006546003556	0.7891066693222486	1.0176885903422328	9.140702260590057	0.13017609576538006	0.007675777727308452	0.851	4254.071	13.623	
Repetition 40	1.0040549021460503	1.1597469874412767	0.7908098468672146	0.7564778827038336	0.91468178423392	12.75048079543374	0.04258711228784065	0.009851375575645973	0.862	4205.999	14.211	
channel 2
name	offset	GN0	A	txy	alpha	AR	B	T_tri	N	cpm	D	
Repetition 1	1.0001268082497385	0.9995729997868031	0.7929310893572469	0.716039758839975	0.8726726523944448	4.304705339186271	0.0820683015904772	0.00032327003817638015	1.0	6424.357	15.013	
Repetition 2	0.9987440773770334	1.0528809471036233	0.7986135286461036	0.7431550711444602	0.9540686801450782	11.096138877962302	0.22420298986576181	0.0005774297083456062	0.95	6420.902	14.465	
Repetition 3	0.9976425124604921	1.046573467811562	0.7990774197717619	0.9544971657947318	0.9340117683619878	2.462034477053344	0.17270782505715976	0.003444849323931245	0.955	6391.099	11.262	
Repetition 4	0.999345269954648	0.9078919999698363	0.7985437556607141	0.702673366446162	0.9585352877023542	5.529828692301139	0.7216553222119965	0.0004111675283316721	1.101	5333.787	15.299	
Repetition 5	0.9985188407496385	1.0336821748211102	0.798479805629652	0.7592784044294927	0.875459381477984	4.791335971426094	0.3293528616605718	0.00032834537195255737	0.967	6262.594	14.158	
Repetition 6	0.9985359275226582	1.007599679544443	0.808526039556061	0.6716181482309334	0.8808958276027051	4.7645829156210615	0.999999999999988	0.00030667360022168077	0.992	5820.709	16.006	
Repetition 7	1.000159282800218	1.0768779022535127	0.8043174830371026	0.7549266489307235	0.9306575661028639	3.348281360923683	0.2989390329548202	0.0008580235323832688	0.929	6118.714	14.24	
Repetition 8	1.0008626443967126	0.9654947880623083	0.7964211316722974	0.6496432390604496	0.8705227277271923	3.8775306080190046	0.9999999999599681	0.00013149476644837852	1.036	5574.669	16.548	
Repetition 9	0.9995115590211021	0.929891045643716	0.7936314260940831	0.7249292004576453	0.9422377382044962	3.6901690990620386	0.3166296604483608	0.0003756685322190981	1.075	5149.967	14.829	
Repetition 10	0.9979189638346767	1.0392555777741708	0.808074839476136	1.3580897312194429	0.7716508268942156	0.955945292754389	0.24450244262508083	0.001732537004946742	0.962	6125.111	7.916	
Repetition 11	0.9988305263757757	1.0306980551106737	0.7947591615838886	0.6555817302410246	0.9087836959631281	5.862684389869104	0.0868361514425433	0.0004292129462506635	0.97	5969.514	16.398	
Repetition 12	0.999516230866216	0.9591280212982013	0.7905435614096414	0.7135740609621185	0.9914254840948669	19.999996092931607	0.999999999999956	9.050798228084997e-05	1.043	5076.085	15.065	
Repetition 13	0.9976348010819933	1.0863410637797342	0.806790314452232	1.0818474368341724	0.6357510655204041	1.0870726314779369	0.9999991583043899	0.00014302965922080913	0.921	6126.415	9.937	
Repetition 14	0.9979669971594702	0.9710219552429061	0.7964899231727368	0.6731019383523896	0.9779054688476805	4.288074950737106	0.9999999999982973	0.00020863208564548172	1.03	5082.871	15.971	
Repetition 15	0.9991640227487053	1.107364087930243	0.8054632894501218	1.4736926031276218	0.7515203029242647	0.9061583144298292	0.9999999999999197	0.00015935820620326414	0.903	5994.226	7.295	
Repetition 16	1.0011263227835674	1.0168154578903483	0.7926946456184252	0.7374919355728627	0.9041832509895076	3.0522907120180944	0.9999999999999999	0.00015160531336866267	0.983	5581.456	14.576	
Repetition 17	1.0014315845132888	1.0844024198028719	0.7918870952854962	0.6907249449794866	0.8618272165341463	5.71303852305037	0.9999999995839604	6.610851235536033e-05	0.922	5912.922	15.563	
Repetition 18	0.9990233005562158	1.0998144119472812	0.7327168327814644	0.7698636355144024	1.0164140860108999	4.788188962655242	0.08052936309368901	0.026819595549684286	0.909	6106.082	13.964	
Repetition 19	0.999877609522155	1.0301848284678305	0.7937331933428186	0.653081778680461	1.0124627388842817	5.6988605398562076	0.9999999999991888	0.00010255403663881304	0.971	5487.715	16.46	
Repetition 20	0.9993852928958015	1.0973812252661421	0.8007561746477948	0.7672929512048793	0.9276798288084059	4.664034870507597	0.14956852567030846	0.001711076395241061	0.911	5824.839	14.01	
Repetition 21	0.9959524914859004	1.0884827592240909	0.797517411245792	0.7563341630554936	0.8820052016640288	4.193679608245781	0.9999999999997591	0.00011020598989800561	0.919	5852.169	14.213	
Repetition 22	1.000107268966837	1.103833123299185	0.797278730475025	1.0370573695469771	0.7349418512042957	1.192299375204344	0.9999987628221845	9.438755758625727e-05	0.906	5837.985	10.366	
Repetition 23	1.0202916259249641	2.276277245997061	0.9999999999272351	3.4067720134820125	2.001905460069883	19.999999999416186	0.32900597356265787	0.43259028718632014	0.439	11616.01	3.155	
Repetition 24	0.9973421955517648	1.0914853606512749	0.7916342653306726	0.6989935606785794	0.971746282293891	9.691685125723488	0.7217381480511236	0.0001526520534893591	0.916	5610.184	15.379	
Repetition 25	0.9993089348951002	1.0703288307000522	0.8018777891524065	0.7452426227184301	0.9852517334188325	13.732152448795214	0.16425179795981598	0.0021986568359842287	0.934	5659.988	14.425	
Repetition 26	0.9949860762801629	1.2744298651701718	0.8067733794637871	1.8914017166844148	0.6628553053680287	0.7953159995486642	0.5929690506823215	0.00030103761686981395	0.785	6805.187	5.684	
Repetition 27	1.0012342304278676	1.2191458549339427	0.8023972484036486	0.7799794820062551	0.9087993233219005	19.999999999999996	0.42576071156327666	0.0005675737175700926	0.82	6475.436	13.782	
Repetition 28	1.0005593949816294	1.0448034452963673	0.8029775699083417	0.8340665209997241	0.7829969450952894	1.8398198865970241	0.29500207240362586	0.00047859460257399097	0.957	5541.051	12.889	
Repetition 29	1.0003196935209502	0.9730801309818851	0.7970197918375285	0.7278813171085018	1.005623227568241	5.621669173551596	0.25705161997055087	0.0007080339303778468	1.028	5301.556	14.769	
Repetition 30	0.999765305954603	1.0573961217463486	0.7980098196622177	0.5964700823660098	0.9714682005650274	11.400827990148116	0.24818671915279947	0.0006175459387495615	0.946	5394.443	18.023	
Repetition 31	0.9995597236718462	1.0017936058948615	0.8055206787980538	0.6491017901599117	0.9090878379445044	3.5607280515547592	0.3467825426635827	0.0007331924948005201	0.998	5175.422	16.561	
Repetition 32	0.9986097308170985	1.0743024078131425	0.8029522666707684	0.7890715608594826	0.9677338663917125	4.695315464466382	0.3258202672870647	0.0009478036009898985	0.931	5557.235	13.624	
Repetition 33	1.0003084869998389	1.085772374873787	0.7851038361452517	0.9841572214744567	1.0540583381693236	19.999999993750265	0.09418463138173391	0.07162694602764326	0.921	5722.196	10.923	
Repetition 34	0.9983706485611452	1.161359612777817	0.7939154191570917	0.8319126838491331	1.0076332037041609	4.626519504727181	0.5555590608709294	0.00017504722841420964	0.861	6299.735	12.922	
Repetition 35	0.9986128947073577	1.1103813013276458	0.8090343234679248	0.6548248486733548	0.8893112807666153	4.0185954085533355	0.9999999999999999	0.00016530634044005114	0.901	5787.3	16.417	
Repetition 36	0.9988810171051198	1.0040328173205526	0.8040984562288317	0.682374189952899	1.0149841372822797	12.129710266219382	0.26308047203763696	0.0013954885513727945	0.996	5084.122	15.754	
Repetition 37	0.9986905164307025	1.1064565862270979	0.7427021118927521	0.70952236070987	0.9661297594182279	5.7677213835849725	0.1420682947019393	0.005725331079285608	0.904	5866.466	15.151	
Repetition 38	0.9982317067175133	1.1600886005036188	0.7998085654831698	0.8734663425610671	0.8206757623786232	2.227419230603969	0.06282539425421041	0.0034889301121140723	0.862	6062.396	12.307	
Repetition 39	1.000216909045028	1.0672167344671264	0.7918214139477342	0.7521113304200333	1.0306465337040531	19.99999998385378	0.7178098306565148	0.0002399990858960819	0.937	5649.718	14.293	
Repetition 40	0.9855058059552683	1.3223457707775341	0.7749984122715845	0.0021351451652425074	0.05641051566535337	19.99999903398428	0.8047648986211108	1.4238252846379376	0.756	7136.861	5034.786	
channel 2 vs 1
name	offset	GN0	A	txy	alpha	AR	B	T_tri	N	cpm	D	
Repetition 1	1.0011132076627602	0.9797998758125622	0.7899993978447453	0.8105600348533617	1.0361402196952831	17.25815071356143	0.5304607269485828	0.0003243026987908066	13.262	
Repetition 2	0.9993442532844705	1.0409718902576	0.8020238197205961	0.7549068495277885	0.968946557599642	19.999999999999996	0.6053439226021864	0.000544290566130402	14.24	
Repetition 3	0.9951863762882922	1.1334560315974445	0.7954607221795461	1.038785176631274	0.8042976678061463	1.9027931143899477	0.9999999999943154	0.00012304705858302663	10.349	
Repetition 4	1.0003598667953253	0.9392842472601032	0.7930525721306498	0.7232483147071963	0.9603575968437958	4.444402874719449	0.0648071322343023	0.013749870987227372	14.863	
Repetition 5	0.9980582208241034	1.0509942755220258	0.7954752830207724	0.8108425784078389	0.8589219501880448	4.203379296800021	0.3505112627374452	0.000244824262159223	13.258	
Repetition 6	0.9989758464853492	1.0277077814866291	0.795812159980621	0.7236473555105515	0.9596874373423768	7.464576900467282	0.23685730620660483	0.0003667675123115039	14.855	
Repetition 7	1.000638297205346	1.1050725347974668	0.8013473091476774	0.7904997203788613	0.8949079912579946	2.601933186590009	0.1134434214910279	0.003137633607502573	13.599	
Repetition 8	1.0011096155651813	0.9717185540330964	0.7929092953846165	0.6508028781400277	0.9566413114930836	12.723589891562899	0.060271125435720066	0.0010860736704444097	16.518	
Repetition 9	0.9990224722586184	0.9545682295885932	0.7944180571630755	0.7535812779406523	0.8616020184934391	2.665654807518076	0.03860871993845138	0.0008919580048559685	14.265	
Repetition 10	0.9969303599887589	1.1018364332567967	0.7973361518727371	0.9049550566836196	0.7349871038003629	1.7326714126191252	0.6808432774428963	8.3708613820881e-07	11.879	
Repetition 11	0.9997332392652675	0.9992024959515398	0.7970078639754343	0.7777449108417404	1.0242398217298345	19.897424162907352	0.15254000588116703	0.0017999349034901987	13.822	
Repetition 12	1.0001248344828468	0.9618425940078761	0.7900883261490461	0.7815700153062866	1.0086114584158292	9.707785044727698	0.33998984018037515	0.00048148400336746864	13.754	
Repetition 13	0.9994962341655177	1.0883459832638969	0.8025227352583145	1.3154776811476974	0.6953144882439436	0.8734918932897456	0.9999999633895289	0.00012162251112826453	8.172	
Repetition 14	0.9972979475871844	0.9846540458008963	0.7961307496171577	0.6247725288763973	0.969041816327746	4.55000114770319	0.2272247971952079	0.00046164683215680073	17.206	
Repetition 15	1.0011164443844995	1.089067461715179	0.7907874755519112	0.8829515380487369	0.994437102963515	3.5204068698930016	0.08413486708524287	0.022602062393394583	12.175	
Repetition 16	1.0016223784072438	0.9831085851026363	0.8026733337056292	0.7863104746130317	1.0541927713474721	19.553978693029144	0.284716651129542	0.0015256987844730209	13.671	
Repetition 17	1.0011442693326364	1.024985313504592	0.7987517894109809	0.770799525041321	0.9766793474503928	19.9967100490049	0.5722792014712361	0.00043287402649122754	13.947	
Repetition 18	0.9982659068923649	1.0833648370800504	0.8017367480509857	0.9175708168649765	0.8169123520844376	1.5771042019958754	0.8363317306569851	0.00017529105485492895	11.716	
Repetition 19	1.0001524757627238	1.0147058024868099	0.7921778587324352	0.684185456362764	1.005730406386983	5.020930275470523	0.05855225014272213	0.014088385183218803	15.712	
Repetition 20	0.9991637051397756	1.1261754448204322	0.7960849321155281	0.8775824456309355	0.8567667607765159	2.292497264529651	0.02221335553455392	3.6660454582980765e-06	12.25	
Repetition 21	0.9955064954623019	1.10255483836216	0.7486523420125437	0.9533929035889157	0.8004198770580728	2.087434853377364	0.06406635257007354	0.5952027899818985	11.276	
Repetition 22	1.0005862444608984	1.044226701463287	0.7984481521524334	0.7679871317337563	0.8782248494336304	2.8632048828936743	0.9999999999781268	0.00011692284630937688	13.998	
Repetition 23	1.0417223901124304	3.8726495964349827	0.9999999999784943	3.1176951252446012	1.8489788842928367	19.999999999999996	0.1676069582370546	0.23181183117972362	3.448	
Repetition 24	0.9938755502272446	1.1411792782122379	0.8081138401308062	1.1516349583088255	0.6424653633308427	1.096567122349121	0.999999594296685	0.00010343443428035496	9.335	
Repetition 25	0.9975628322987095	1.161737167847708	0.8080669013859691	0.7497914354911133	0.806941844891453	3.0156426203895665	0.3958835440608547	0.0005804298221773358	14.337	
Repetition 26	0.9985486463714054	1.1879499870232177	0.7903898443247649	0.8299583786621751	0.9592093272702799	10.107065909654187	1.9397871806249036e-05	4.774747715694406e-06	12.952	
Repetition 27	0.9980394250532176	0.8879984083231673	0.76745454548504	1.1260144236308725	0.8117505761860361	19.999999999999996	0.4926659610843602	1.769985736042148	9.547	
Repetition 28	1.0008553800958386	0.9787584477147065	0.7911982505012214	0.7732687337435753	1.0431243860935229	19.99958510546193	0.5146130431835217	0.00033217191725948926	13.902	
Repetition 29	1.0002584121799432	0.9570692448635343	0.7998134482676217	0.737156836279801	1.0517877343636264	13.59772761825477	0.6289601517776746	0.0004500897756022788	14.583	
Repetition 30	0.999992218377831	0.9857329696019431	0.7916462759729206	0.7267076748850226	1.027190469008018	19.99395842205946	0.09967467570209582	0.06325898072666386	14.793	
Repetition 31	0.9987393771700998	1.0036900741354082	0.7989722975998398	0.6424509434784462	0.9673938844585794	5.450446187558994	0.08907257713167757	0.007535264106935768	16.733	
Repetition 32	0.9988140634646643	1.0500454460789368	0.7927808486321208	0.8900060952341122	1.0318708863435035	5.932364212126309	0.9999999999999983	0.00011255035152639572	12.079	
Repetition 33	1.0011061801715144	1.15045403030813	0.7885405920361513	0.830988784903948	0.9657513826386495	7.339751100581695	0.0005707707533062767	2.848349935471134e-07	12.936	
Repetition 34	0.996850250902636	1.1589283519179987	0.8108258626682204	1.1411220365847605	0.8678274392331325	1.6058441016083624	0.44274752639800086	0.0009736139632165691	9.421	
Repetition 35	0.99981551913128	1.1746701475685166	0.800261469411773	0.6432022495222876	0.900574450029518	4.13641662279653	0.06837006506889966	0.001371772740803601	16.713	
Repetition 36	0.998699694881598	1.0483223229144172	0.7964963581320118	1.2407908828057024	0.777840964276935	1.0260296667163902	0.3143573477281781	3.359539185957607e-06	8.664	
Repetition 37	0.9987336478098363	1.0529399556742818	0.7940324328221007	0.7391528584171766	1.0092154802896063	11.573834919549478	0.12378075093977717	0.0006683477841462369	14.544	
Repetition 38	0.9986993923993365	1.0862227159708995	0.7861019709323713	0.8138724030704764	0.9578314708197244	4.742883987999407	0.7075084961115604	2.0084245193320393e-08	13.208	
Repetition 39	0.9987620669846342	1.108579942308659	0.8012254046913868	0.7784225494594618	0.8981764444456731	3.668848342491401	0.9999999999999093	0.00019851350702275542	13.81	
Repetition 40	1.0085351145138692	1.0404008229777233	0.7810773745449328	0.8518169703607038	0.9592783643732675	19.999999639772092	0.6259142296982123	6.939729775918084e-06	12.62	
channel 1 vs 2
name	offset	GN0	A	txy	alpha	AR	B	T_tri	N	cpm	D	
Repetition 1	0.9991152048836182	1.013172573337019	0.790226696838821	0.7885403828965237	0.9712077256682715	6.149938823647149	0.0006086167935021453	2.0451145901190216e-07	13.633	
Repetition 2	0.9988934429903011	1.077956145244048	0.7980185025185145	0.6860455457792296	0.9118248130554722	10.764418728274574	0.0011276646847286145	1.202303132436246e-06	15.67	
Repetition 3	0.9992170537936081	1.07272796045738	0.7966540591586755	0.9105067357338698	0.9898974040847729	3.503488764240408	0.2760489572386654	0.0006161828550482893	11.807	
Repetition 4	0.9970011850680974	1.0248483192923266	0.8024383428357126	0.8367562496098354	0.6659507587516518	1.4098284009181972	0.9245261387870759	0.00011630820593999178	12.847	
Repetition 5	0.9976809287893473	1.030787311964171	0.7964050438354401	0.7713034204937246	0.9409098917104792	10.730513695861237	0.9999999999999999	0.00022027977378010996	13.937	
Repetition 6	0.9995153808477688	1.032644529102878	0.8073875120824363	0.7148484411895359	0.8916738138790752	4.605091321770045	0.8050590965284634	0.0003923478828999488	15.038	
Repetition 7	1.0006708312961374	1.109911885796465	0.7885822540580489	0.7849146935616012	0.9209561293598826	3.077663185582716	0.7256045291525058	4.1092598946473926e-06	13.696	
Repetition 8	1.0003176262510245	1.036442157075563	0.8012701647195983	0.8701374300137851	0.6910367919289552	1.3504460879037763	0.9999992882228574	4.0937065621756806e-05	12.354	
Repetition 9	1.0006227530970584	0.8979910110453498	0.7881689332195023	0.7344786356744032	1.084969912875026	19.999999991018658	0.9999999999999988	0.00014323576955635822	14.636	
Repetition 10	0.9984191761227134	1.030624472886604	0.7935317404507956	0.7839347059939284	1.0301934322429116	7.240691674851802	0.15884368276835487	0.0006871311754600658	13.713	
Repetition 11	0.9988229409501116	1.066330841652203	0.7984702648607278	1.3387162484509327	0.7111991954398443	0.9179537390184087	0.0020428355596327085	1.079849475822711e-05	8.03	
Repetition 12	0.9995630973567097	0.9824917001936425	0.7935174461338729	0.7238086122354376	0.9743296667442028	15.624108817856577	0.15556300338085396	0.0007284761690108315	14.852	
Repetition 13	0.9989833636659209	1.0121705992328947	0.802948897630115	0.7407788167114115	0.9880420003932239	19.999999997863203	0.20892548916263168	0.009679587038339063	14.512	
Repetition 14	0.9984366589323491	0.8971398560232845	0.7973848323086671	0.7271889116152735	1.1174377005321172	8.937899191359167	0.15985291187875872	0.0034933072325599957	14.783	
Repetition 15	0.9999744845521381	1.1182266921493471	0.79526528039089	0.802891300032717	0.9742286808988968	4.905652377281118	0.12749098809083365	0.021445571719002604	13.389	
Repetition 16	1.0034085669969388	1.0020357346756241	0.7965891864211185	0.7475228570115461	1.0110255341608807	5.503847300163986	0.09514283600650217	0.0023664256201631367	14.381	
Repetition 17	0.9987135377480536	1.1141624554767038	0.800275755189568	1.7143859886649166	0.6206784208941143	0.7323924935453784	0.5479621506905876	9.826939402200426e-06	6.27	
Repetition 18	0.9992502549209119	1.0799330723257166	0.7941617748867094	0.7425327659984912	0.9218453873821708	3.2067195783340607	0.15186660320406764	7.959208583120295e-07	14.477	
Repetition 19	0.9995078231292511	1.0045810832014452	0.7869835955860867	0.6816686042198519	1.0638599270826548	19.998340895265688	0.0004181233949336373	1.5683062113109692e-06	15.77	
Repetition 20	1.000000284426977	1.0483284140934683	0.7920652001245554	0.8641237746594493	1.0228336041831858	10.567343664378603	0.12093207558080114	0.05659259977939179	12.44	
Repetition 21	0.9968972504598632	1.0405242339787424	0.7887139981699506	0.7935962900763994	1.0032513176092985	8.009492964582469	0.002545263077280535	1.3904958796228916e-06	13.546	
Repetition 22	1.0012373725087345	1.0413343733601204	0.7935510444663012	0.7560225443848427	0.8992721159723402	2.990232992070817	0.1101581955629667	9.42740438935546e-08	14.219	
Repetition 23	1.0354564004573241	3.347565162912113	0.9999999999639434	3.5886639401866356	2.0728615985632266	19.999999999999996	0.34384294744212296	0.48938505341767913	2.996	
Repetition 24	0.9974110160453054	0.9408038140232643	0.7874303466852989	0.9686630460636225	0.9783732941786217	4.776738982341843	0.1637298321030401	0.12843213153940253	11.098	
Repetition 25	0.9981303699574852	1.1402524712459892	0.7930659693975701	0.7002190119010023	0.9429200101851855	14.801891551997402	0.016578903138147333	1.947592771978252e-06	15.352	
Repetition 26	0.9965727196449189	1.2034620536946785	0.7932211025474222	0.7551202384729924	0.9332989915941665	6.9994229201354825	0.025282995867027435	7.723244256158397e-07	14.236	
Repetition 27	0.9981698077923021	0.9731696306552785	0.7707564063966847	1.161166997181245	0.8594506535072127	19.999999999999435	0.3541801860395639	1.0118488607560165	9.258	
Repetition 28	0.9992981900812103	1.0405942803540897	0.7991525843924969	0.6342665845400492	0.8868574470048199	5.708236203839541	0.21532151686416437	0.000596752587859877	16.949	
Repetition 29	0.9998818121357796	0.9965512854502154	0.7977419869854614	0.6884350945581279	0.9968316895796756	5.229006296345762	0.11424604014793482	0.0016496177541306205	15.615	
Repetition 30	0.9991216315848271	1.0310951600461946	0.8005172508555177	0.6673182155596645	1.0137469106345092	19.999999765193078	0.11847892942452323	0.011350738948849307	16.109	
Repetition 31	1.0002548660473056	0.9929705147539254	0.7923802414638212	0.6347838804727326	1.0641783251860684	19.999215993425153	0.0004383889907128638	1.9061997097391143e-07	16.935	
Repetition 32	0.9983704769243448	1.1304903889453524	0.7914296882688331	0.7438334748952975	0.8682036577411654	3.0575973609576352	0.001972534176106322	4.409731251130426e-06	14.452	
Repetition 33	1.0011782186423404	1.1336838193172496	0.7954422693493309	0.8948175687856037	0.9399878259079495	4.224091665324037	0.10448950010211838	0.012555396264814965	12.014	
Repetition 34	0.9979266116113119	1.0970134331485655	0.8105992652381179	0.9228754328852192	1.0465745645918634	5.6772153099174805	0.394482889859692	0.0018215633457573828	11.648	
Repetition 35	0.9999055116482823	1.1530947729712018	0.7992531429509546	0.6399572491901258	0.942311577584865	7.724417679536046	0.07028891226788424	0.005204923617738527	16.798	
Repetition 36	0.9985434388677736	1.052921774202697	0.7997392115852868	0.6359459323833833	0.9606387017952019	6.259314500386119	0.5054222748536017	0.00034597097457510955	16.904	
Repetition 37	0.9985229561208541	1.0176791101618459	0.7920432487086958	0.7687426769559228	1.0105402561240227	6.298763596666731	0.11255283662092119	0.07561467012925098	13.984	
Repetition 38	1.000097247535614	1.1065270375182252	0.8025015130573939	0.7867124683698185	0.9169328855458858	3.47147264138856	0.8268355605743656	0.00021814902847523243	13.664	
Repetition 39	0.9988874271694719	1.0685935289464132	0.789716264265809	0.7853769638595924	1.0248975044918711	14.382401854843964	0.3726871955208992	0.0002339543449764714	13.688	
Repetition 40	1.001029530612686	1.092257094560615	0.7969515147969293	0.76810162028051	0.8796486171903295	19.999999999012218	0.4035058307658029	0.0003037469558761159	13.996	

GP data: 
name	A	Mean	Sigma	
Repetition 1	39.57345090341846	-0.14659393070536142	0.09966669092746772	
Repetition 2	44.38499864102774	-0.16952538156897212	0.11642377812365523	
Repetition 3	31.017277020198854	-0.1612284387329297	0.1085326559599793	
Repetition 4	35.10770858123679	-0.15662099576403454	0.10623728770518315	
Repetition 5	34.70739319081317	-0.15817037222821928	0.1017453964352204	
Repetition 6	40.69974609274829	-0.18517686805440592	0.10700985553197762	
Repetition 7	34.2561477582487	-0.16965784976498777	0.10815716332598146	
Repetition 8	29.092098833278236	-0.15732445037831388	0.12108774230354191	
Repetition 9	31.32573156030105	-0.16343439661262638	0.13919147562442902	
Repetition 10	33.36447687958432	-0.1716201598125846	0.1087340496149134	
Repetition 11	35.60222584715667	-0.15293883819331933	0.11571014551745273	
Repetition 12	31.644313003765802	-0.15652240675373774	0.12106345662204676	
Repetition 13	38.66270826401064	-0.14572593567831316	0.1037102010231219	
Repetition 14	37.92822676163987	-0.1675289833974749	0.09974866122992054	
Repetition 15	30.627541161371006	-0.16126455731255585	0.1281398480486564	
Repetition 16	34.415885600126984	-0.152454635049329	-0.11682979199628774	
Repetition 17	30.22499402938528	-0.1573558822929514	0.12032767418651735	
Repetition 18	31.089488137585608	-0.17014993855604987	0.10546026997592484	
Repetition 19	29.654236123118906	-0.1619323375518994	0.12289129377846453	
Repetition 20	27.640376932926426	-0.17771176368971975	0.13677824668242744	
Repetition 21	37.73543379267552	-0.15486394311858975	0.11728181531797799	
Repetition 22	32.759665016349196	-0.15319264752204087	0.13502499226984743	
Repetition 23	37.24386599873009	0.9999999999997422	0.5535907844705314	
Repetition 24	30.03767923959899	-0.16779400104230402	0.10811726696907664	
Repetition 25	32.975502135043634	-0.1333621757048875	0.11766161084628157	
Repetition 26	32.60314704540856	-0.16546249073727448	0.10103041019349024	
Repetition 27	29.458728851965432	-0.16700150297840577	0.1357457786341616	
Repetition 28	27.253991694093926	-0.16522961135344616	0.14416595505370067	
Repetition 29	34.45746635007296	-0.15660858936643196	0.12424603665827938	
Repetition 30	27.526357451387874	-0.14772807254547315	0.14052812361718892	
Repetition 31	33.75819040999539	-0.16780027798917263	0.11444239843420712	
Repetition 32	31.703997405997942	-0.1568024746389829	0.12780236325077365	
Repetition 33	32.14875830896413	-0.16976579577321194	0.11880104644164824	
Repetition 34	36.992463590679314	-0.15397354807904795	0.10152297159658774	
Repetition 35	32.916883812977304	-0.1678306492082111	0.11592739204578106	
Repetition 36	33.05468163545267	-0.14537013501053486	0.10417419272604844	
Repetition 37	34.18976997699885	-0.14634629918387776	0.12725630543061084	
Repetition 38	36.86266044171216	-0.17043154121849025	0.11762784911371593	
Repetition 39	37.45847064159646	-0.18067452209060875	0.12520273866469656	
Repetition 40	29.985705566611397	-0.17738114102551228	0.1347764697488807	
