A_1__LDL
Diffusion data: 
channel 1
name	offset	GN0	A	txy	alpha	AR	B	T_tri	N	cpm	D	
Repetition 1	0.998422687981589	0.4098352824936052	0.4796155862647521	0.3607650105266395	0.8411043569421827	17.758274052881852	0.6115259156982579	0.0002475259315330553	2.44	4516.218	29.798	
Repetition 2	0.9983391534675877	0.4478182288100547	0.50238488271018	0.4646191897243169	0.48155349079676996	1.267092314520638	0.9999999767221341	0.00010367287945797971	2.233	4797.358	23.137	
Repetition 3	1.0000485429017782	0.3757693476866171	0.5048492694341258	0.4842648365483867	1.0856276623941175	19.999999980738494	0.15365803610207623	0.004492335028488534	2.661	4005.369	22.199	
Repetition 4	0.9983204885076143	0.41333139673944613	0.5089436308661184	0.33883571001161505	0.8363624908328552	17.254124732542444	0.4414562964066468	0.00016121047314593984	2.419	4333.314	31.726	
Repetition 5	0.9975867701731194	0.5228046022718089	0.5029460420469424	0.3477531371851373	0.3498959241644685	1.119565219645509	0.42736983951795304	3.7648206228035416e-06	1.913	5457.919	30.913	
Repetition 6	0.9994016401779243	0.3979487647703906	0.4849440376241235	0.576081089836209	0.7402030860287782	1.3227464265049427	0.6856179826959411	0.0014255495604423795	2.513	4086.209	18.661	
Repetition 7	0.9994226031892179	0.38579120591840266	0.5031790923268468	0.48359228530619897	0.9637214388210616	6.341388025796449	0.4738669732428299	0.0002974946957083399	2.592	3975.171	22.229	
Repetition 8	1.0003596969421342	0.3724062624687628	0.5144120235881962	0.44712776011221256	1.024891184487384	19.99999999999993	0.9999999999999997	0.0004311996460491468	2.685	3819.048	24.042	
Repetition 9	1.0001002534281087	0.41366205081828716	0.5267733164284325	0.41541301352446175	0.7538509121250307	2.1468536693233005	0.5740703396902199	0.0007810108932126843	2.417	4223.477	25.878	
Repetition 10	0.9984305204108535	0.43263915927926544	0.5218352358025724	0.5109288917831097	0.5312967026911836	1.1395871297343476	0.999999995643469	0.000256532327896555	2.311	4419.794	21.04	
Repetition 11	0.9995887241152382	0.37588013221119726	0.5052890056852611	0.4181422303055792	0.9452648368847588	7.012458136096847	0.14459312118518144	0.006641972594676862	2.66	3767.347	25.709	
Repetition 12	0.9988426167929069	0.4227543881720885	0.5226296373698701	0.7347726055842513	0.571669674657123	0.9210540306429706	0.9999999999982624	0.00025218682202199886	2.365	4238.961	14.63	
Repetition 13	0.998873707727041	0.9303776875560845	0.659626719769344	1.2704627679787164	0.9038209216113606	4.465189023043799	0.9999999999999999	0.0001474343347843625	1.075	9574.286	8.461	
Repetition 14	0.9994659400020772	0.42430044876650597	0.4670903020136133	0.6838882566839303	0.7007893812923495	1.0983158371551967	0.3531172676580549	7.5229777568243486e-06	2.357	4261.137	15.719	
Repetition 15	0.999455498209472	0.414728623691259	0.452930729518352	0.409246974671116	0.9431072003507511	19.999998016806984	0.9999999999999999	0.0002855804048901186	2.411	4197.843	26.268	
Repetition 16	1.0001456022071515	0.3653243087163648	0.49001357785164756	0.5045064220694293	1.0204896036764406	19.999999999789566	0.49159476179486955	0.00557933829949396	2.737	3645.858	21.308	
Repetition 17	1.0004644372956624	0.37696842048717827	0.46388472298941547	0.4813170657700308	1.1236349251646225	19.99999999999856	0.7178323905634811	0.0012756668738652989	2.653	3760.271	22.335	
Repetition 18	0.9993221657407265	0.4408010336790183	0.4731135161950976	0.48281797051510494	0.6437135480958784	1.3177736012656607	0.5648030107212177	0.000571578855065539	2.269	4392.873	22.265	
Repetition 19	0.9993920210891812	0.38397324041521547	0.5022526804170331	0.40370015346139837	0.9831516550305577	17.519215422211346	0.08312630206544029	0.0031776884455321803	2.604	3809.222	26.629	
Repetition 20	1.0005787362167087	0.38351634322185657	0.474601226233881	0.43247195492701745	1.0545393022807898	19.99999999860213	0.8530223128012012	0.0012211189684610021	2.607	3821.415	24.857	
Repetition 21	0.9999213381163637	0.39091738196418957	0.4597925355269645	0.43285299689087364	1.012822535772356	19.999997904165827	0.9754204650954961	0.00042392801003380453	2.558	3841.757	24.835	
Repetition 22	1.0003219890477892	0.3858136348465669	0.50850703305552	0.37120546592435383	0.9944396662805237	18.460547984980373	0.4894894656866731	0.0005142693014424258	2.592	3833.774	28.96	
Repetition 23	1.00001321988655	0.4097846154905846	0.5176956493304005	0.40438545573734525	0.8223883684866619	2.3196078176223147	0.9999999999999999	0.00022060765572804497	2.44	4063.671	26.584	
Repetition 24	1.000166950659492	0.3991020222375046	0.5134576564503858	0.334686228669421	0.8663148999973828	4.287512686985074	0.999999999999982	0.0002363734201616515	2.506	3870.71	32.12	
Repetition 25	0.9995018762795189	0.40002280876712637	0.5191020690190863	0.40523474315983554	0.9208823501970923	17.4863078203315	0.6417626418749192	0.0005537043596691875	2.5	3959.971	26.528	
Repetition 26	0.9995820719818913	0.39904228122177926	0.5113118442848299	0.38595488220804713	0.8735917802541875	6.525806345854766	0.4625992597174009	0.00048221071829325426	2.506	3969.844	27.853	
Repetition 27	0.9998558301847053	0.3785292587000786	0.5089360541694181	0.36443087154462467	0.9395462476705484	6.1495520702999995	0.9999999999999998	0.0002648308468494576	2.642	3710.744	29.498	
Repetition 28	0.999072616725668	0.4087380672968421	0.5047220583995129	0.3694314601697445	0.9200563217300373	17.70923257953818	0.4914210299608792	0.00013421138109472142	2.447	4098.225	29.099	
Repetition 29	0.9981719105635956	0.43219779096853655	0.4861873450276189	0.6369408867278503	0.6214722234737428	1.0462111056363248	0.9999999993029892	0.00046673278189496943	2.314	4222.558	16.878	
Repetition 30	0.9980031078043649	0.45096785696801434	0.5024869337564177	0.7228234048391771	0.44216607301439576	0.9093982992553504	0.9999999999258303	0.0003752901969852831	2.217	4407.533	14.872	
Repetition 31	1.0011991827846343	0.3544684985839719	0.5003630231781684	0.4911198787817618	1.1611993839539643	19.99999983408719	0.44659122776891486	0.001102517003646808	2.821	3459.31	21.889	
Repetition 32	1.0000585456731712	0.4586005947784192	0.5408543196768456	0.711909294317792	0.9233172868886244	3.522639728211171	0.9999999999999999	0.00020511606277579444	2.181	4621.831	15.1	
Repetition 33	0.999283062211361	0.43126873562687035	0.5240502207080624	0.41160586063078053	0.6368445444725368	1.6827229571221398	0.7949063832471196	0.0003137349880899191	2.319	4246.72	26.117	
Repetition 34	0.9963143543068521	0.6309726382539972	0.6333759146581519	0.7620611397242997	0.5911808042702841	2.4604911737005515	0.20832260467718897	7.003410176250882e-07	1.585	6303.695	14.106	
Repetition 35	0.9961453322313579	0.5317649171402875	0.5021162537364778	0.44501556772374223	0.2774069854344419	0.9448482240194422	0.4135776316582165	4.066275465169773e-06	1.881	5211.438	24.156	
Repetition 36	0.9992118037926595	0.381470105301684	0.49941625204050355	0.4374897226746136	0.9468228466437705	13.907604324788672	0.09027781060343994	0.00021288837395039192	2.621	3734.371	24.572	
Repetition 37	0.9994640460042261	0.4029205344043199	0.5030524487476968	0.4416651816282782	0.8035382883824479	1.8895757251973433	0.05636573936030785	8.87169348097882e-06	2.482	3899.62	24.34	
Repetition 38	1.0001764705442588	0.39804748528347367	0.5155178317455715	0.4370771063765317	0.7417226636996983	2.1315498476806853	0.5254616447789926	0.0006709413988569009	2.512	3880.232	24.595	
Repetition 39	0.9998733710600579	0.37168695530225304	0.497304699430936	0.4632364933785711	1.0238357098786233	19.99999955687617	0.9999999999998525	0.00021403276983647204	2.69	3577.642	23.206	
Repetition 40	0.9996736506046818	0.3855265863735338	0.5041669979973997	0.4831670276995362	0.9406045392664473	17.311770701462052	0.1288925967777863	0.0014264894603791506	2.594	3774.424	22.249	
channel 2
name	offset	GN0	A	txy	alpha	AR	B	T_tri	N	cpm	D	
Repetition 1	1.0008288008392334	0.37063544308579727	0.45281022438047364	0.46882704315618645	0.9163407648101871	6.499264798854778	0.3416995392824016	0.002044334065519328	2.698	4314.678	22.93	
Repetition 2	0.991826176191101	0.6937198264420242	0.5172710501551132	0.004735463862164461	1.7965675119889446e-12	5.657283082872196	0.7383369364634781	0.0007540482465353661	1.442	7838.914	2270.105	
Repetition 3	0.999962800111184	0.4014272204672718	0.4415293258473722	0.44072310741729875	1.0669555853680766	11.909991070724764	0.44359105622056694	0.000693414306437082	2.491	4524.517	24.392	
Repetition 4	0.9911972595009328	0.680672739111582	0.5051647059074004	0.009219687778268712	3.691015438834586e-29	4.662180192747963	0.8446463603685644	0.0005344038168537115	1.469	7508.412	1165.983	
Repetition 5	1.0002049603603307	0.3478864182507709	0.4815538764765186	0.47720318499788705	1.0541577514820768	15.10833998778256	0.22371730979533558	0.003984984557690845	2.875	3798.783	22.527	
Repetition 6	0.9998356254889582	0.3820510873076255	0.4344804074082212	0.4451545890095954	1.0284041219728037	10.60557710353724	0.1867132870202478	0.005224750149385332	2.617	4168.841	24.149	
Repetition 7	0.9911352883991454	0.7123750680807752	0.5133472967403969	0.025978662543792486	1.0624822579928433e-12	2.5229974144181395	0.9438033351016543	0.0005540211201215976	1.404	7780.83	413.801	
Repetition 8	0.9999123077596966	0.38061438536051123	0.48147871846850676	0.4569834365980105	0.9362706490630217	17.89862904101194	0.28156188594770803	0.0034029103786458108	2.627	4097.314	23.524	
Repetition 9	0.9999640599638776	0.36820238156792073	0.45907757788655384	0.4631073272436932	1.002101522010737	7.36127567201509	0.6331772886196194	0.001866677557295471	2.716	4007.074	23.213	
Repetition 10	0.9998551125985283	0.40109801141565177	0.4665066571727649	0.40968394720961004	0.8467268972171029	3.399436416717396	0.8883492324754726	0.0005330072492843538	2.493	4305.77	26.24	
Repetition 11	0.9995956011783437	0.38685607573047104	0.4824614388925885	0.37019475330465607	0.9538181845460002	14.14117225468677	0.40808998401098806	0.0005480924145742358	2.585	4100.276	29.039	
Repetition 12	0.9913841575195341	0.7148043019661394	0.5118552976225883	0.04460403249448786	1.491088924623741e-22	1.8679653189288696	0.9999999999999999	0.00040197096860769473	1.399	7535.485	241.01	
Repetition 13	0.9979024539977828	0.7672898775882333	0.6392488650096241	1.158972858915322	0.9586892563563875	16.801969162386847	0.27532517533147866	0.0002981452213427531	1.303	8258.579	9.275	
Repetition 14	0.9994071418344319	0.3808823546306263	0.44886454863535635	0.4536926885888314	1.0320225803105751	19.999999999999996	0.9999999999999999	0.0002917650728326175	2.625	4032.517	23.694	
Repetition 15	0.9987758246024793	0.4231390689873605	0.46422581012501757	0.34384693419524276	0.8560570124762484	13.78052142266916	0.9028361442105167	0.00028259233980535954	2.363	4500.574	31.264	
Repetition 16	0.9995577484401844	0.39226245573306534	0.4763518845895272	0.4197524766176157	0.8720171437470361	4.638004689448238	0.9999999999999999	0.0005082417195341548	2.549	4107.717	25.61	
Repetition 17	1.0001350642876774	0.38513530547800623	0.46339736434729495	0.4196622024416075	0.9921276080573375	19.999998416922722	0.99999999982422	0.0004774472226371908	2.596	4049.224	25.616	
Repetition 18	0.9999608731218307	0.3662800726932086	0.4678964745504051	0.4477884627256426	1.048670255869266	19.999821521631176	0.3881825157131931	1.2788898920806586e-06	2.73	3816.667	24.007	
Repetition 19	0.9996508337931727	0.37551743686159955	0.46255997583474295	0.4689214296002788	0.8937487435650584	4.201191540689417	0.9178956882027139	0.0004270244452628347	2.663	3925.138	22.925	
Repetition 20	0.9995488434689984	0.3890888561317675	0.4766709174275711	0.45282624608082817	0.905644008975758	10.875055656474666	0.248110064732193	0.0010209697762334439	2.57	4054.725	23.74	
Repetition 21	0.9998097191810449	0.36146327675417667	0.4576082019317297	0.48695301237009286	1.0918249215481137	19.999877335869925	0.5092800382019603	0.0019036927948271499	2.767	3778.693	22.076	
Repetition 22	0.9916712189514661	0.688945210565449	0.5219882938149214	0.030674755857687475	1.761632955940378e-17	2.233624183376098	0.9999999999999899	0.000631441987054015	1.451	7151.57	350.451	
Repetition 23	1.0000233321016991	0.36905944159284526	0.45802004423195575	0.48307012034510616	1.0585808117150701	19.999940237088513	0.999999999999998	0.0004412948988082763	2.71	3833.368	22.253	
Repetition 24	0.9999076337134368	0.3960115190117089	0.46176831644092187	0.8900019679477111	0.740467578695378	0.8255559908133296	0.6078015129556404	0.0007912760139480243	2.525	4043.338	12.079	
Repetition 25	0.9998439410570583	0.3648115398827113	0.498519067141394	0.44167085775269427	0.9880861292268595	19.99999999657552	0.9999999999999549	0.0003166075402804171	2.741	3778.809	24.339	
Repetition 26	0.9995421358930047	0.36875913304579283	0.4700957566862333	0.5047444547260284	1.0502044939986184	19.999999999397254	0.9999999999999999	0.0004641598208573039	2.712	3827.934	21.298	
Repetition 27	0.9918788123864357	0.7009908360074475	0.5128965687611973	0.03638932025460714	1.2623287714293497e-33	2.0285087294231086	0.5185547620751917	0.0012030059079085854	1.427	7198.118	295.416	
Repetition 28	0.9982104637866902	0.46517687994601875	0.49032082629216217	0.5874191624234039	0.4427258399546086	1.0158683325166364	0.9993001889734738	6.418984454907621e-05	2.15	4853.389	18.3	
Repetition 29	0.9915893163121348	0.6672426066984357	0.5170513022408137	0.004193771891580595	2.241565100133433e-26	6.422415077945876	0.7907301806468462	0.0006378659471946927	1.499	6776.899	2563.325	
Repetition 30	1.000000890827711	0.40030769586490955	0.4753887972973202	0.3995868897794279	0.8387993089658065	3.7363400361531687	0.29754397911081903	1.9088929099963954e-06	2.498	4107.772	26.903	
Repetition 31	1.0006485093217812	0.36396353831822836	0.4701489005544169	0.4758959634570071	1.0452964043619852	15.105580329190003	0.48839077087490035	0.00042021347300191315	2.748	3707.554	22.589	
Repetition 32	1.0002555885493076	0.3952386574080934	0.5180976687494351	1.3012202249035225	0.7451743945891579	0.7591630864256808	0.9999999999999999	0.00036450418487503865	2.53	4157.792	8.261	
Repetition 33	1.0001157920320418	0.37439525471398505	0.46129595375901794	0.44449428321959406	1.00719278404278	19.999999999176588	0.572318903268837	0.0019454259920086365	2.671	3871.183	24.185	
Repetition 34	0.9973547979901074	0.5749746403020126	0.5360265790475301	0.7828231616463679	0.7759158590921852	4.991332611882479	0.5935650312550437	0.0004890376540078922	1.739	5973.014	13.732	
Repetition 35	1.0002033825789152	0.36100026257774337	0.47563185192537283	0.46285292367139963	1.0866220276108307	19.999999999999996	0.3293310154883555	0.0009893781343540743	2.77	3710.289	23.226	
Repetition 36	1.0002407977871355	0.3604641297284157	0.4750537197019572	0.4981587043539725	1.0923840869459878	17.00859822213185	0.3670481978886587	0.0008827567213099603	2.774	3703.059	21.579	
Repetition 37	0.9972864048014148	0.46678898700163063	0.5095347318800653	0.2534357316067563	0.418219856760268	1.727293245744291	0.9986904743679835	6.821154185811041e-05	2.142	4701.847	42.417	
Repetition 38	1.0001339141994092	0.39554153446914564	0.46520385674937	0.44763583797318035	0.9666274377078035	19.9999999999994	0.999999999999834	0.0006198009467849032	2.528	4037.071	24.015	
Repetition 39	1.0001306224380837	0.3469406854135854	0.4918860691656018	0.5069058447457623	1.0700950597630232	14.867112290759797	0.464431302183318	0.0020596446719831165	2.882	3499.133	21.207	
Repetition 40	1.000005377957776	0.3831028980453311	0.5036699936988512	0.44085609530901904	0.8996720189551938	4.767111443471035	0.11676341078453392	0.003815718064394574	2.61	3912.589	24.384	
channel 2 vs 1
name	offset	GN0	A	txy	alpha	AR	B	T_tri	N	cpm	D	
Repetition 1	0.9997922177423455	0.39610916652502814	0.4874168182180538	0.39154302860608675	0.6821883663012145	2.4444960463550465	0.0009347590307915328	1.734127861805244e-06	27.455	
Repetition 2	0.9997880577812804	0.391712716274314	0.4602508941206597	0.7858242968185623	0.6768609897919547	0.9612094804311708	0.572481992193951	0.0005654727881408574	13.68	
Repetition 3	0.9998765886041684	0.3873094415972704	0.47053574098218265	0.6419738729811364	0.7858261505355926	1.3930077529538725	0.33340212655977064	1.5751813364158617e-07	16.745	
Repetition 4	1.000002334186327	0.3746313531334242	0.46433941588932687	0.4559352733508409	0.9826038181108032	19.998926499917637	0.23643951089118667	1.6313571189058973e-09	23.578	
Repetition 5	1.000466357107476	0.3786936047755571	0.44691803778915534	0.45193685011368984	1.0435920742747573	19.997889893018698	0.39762261151894657	0.0017889417502006944	23.787	
Repetition 6	0.9995579088707448	0.40092748566734665	0.4413371314183548	0.4873237010393999	0.8059079926024814	2.2105176539729365	0.9999999597287652	0.00019031722605013482	22.059	
Repetition 7	0.998207534038522	0.40988202284799363	0.472166429920271	0.3847248160403848	0.8401264398581382	17.75329135311994	0.41721642343243887	7.52310639559891e-05	27.942	
Repetition 8	1.000102991588235	0.3690959304734778	0.4780387759960841	0.5037075038026031	1.0041795088832408	19.99999945250422	0.5463235254792093	0.0011010953533391332	21.342	
Repetition 9	1.000076326023606	0.3950281202743029	0.4582914334134847	0.4345474343512771	1.0147502414514007	18.24624790106162	0.48046791430425906	0.00011184297428382102	24.738	
Repetition 10	1.000381935297289	0.3343805644563125	0.49176685772569123	0.5078869566476433	1.114684050956277	19.999999999988123	0.3905346319341885	0.0054504015664537855	21.166	
Repetition 11	0.999919190332569	0.3944148931899229	0.4748381165361414	0.4073542855427373	0.9364570043826297	5.305668188956564	0.1022648506053889	0.011400366488044145	26.39	
Repetition 12	1.0006141979750205	0.376719220071795	0.49705375988098904	0.3811530105491608	1.028657865832724	19.999851097633243	0.001325564266528613	7.935303515444471e-07	28.204	
Repetition 13	0.9991795981591164	0.8261681935637649	0.6448755018787145	1.3528027191612797	0.9480809346281147	5.256571153645275	0.05764126003418807	0.009540834681448033	7.946	
Repetition 14	0.9995485146050128	0.37329589437696253	0.467660883747077	0.4673387018158246	0.937538259035177	4.069095928140711	0.24624091899845366	1.6347900206889688e-07	23.003	
Repetition 15	1.0000749891367982	0.41307335710682397	0.47531138544347645	0.32233076746727674	0.8068918713735552	4.976199034679263	0.21795388421884215	4.273974605150596e-08	33.351	
Repetition 16	0.9998903648808734	0.40343063367502285	0.4725581620117995	0.38360936176996036	0.8743792290574149	7.482296447677003	0.042278057333216906	2.3380287211541547e-07	28.023	
Repetition 17	0.9996431005081382	0.37863391918171413	0.47236590019716534	0.41209324663893204	0.9860573195537897	14.447807484426315	0.45826870395025715	0.00018413008360785126	26.086	
Repetition 18	1.0005859575306513	0.34937482338345366	0.4794107943255664	0.46115366616522313	1.088560614548533	16.516299127974808	0.2554506982138447	0.0028496822856316387	23.311	
Repetition 19	0.9995761596447047	0.3802013963048742	0.46484094444598745	0.43315772345467435	0.9893702327883804	14.144581964291316	0.2234888857792966	3.2440119026808925e-06	24.818	
Repetition 20	0.9997401241736354	0.3699084702341323	0.49876000614678195	0.4210117350513283	0.8935212953482732	8.094926257008996	0.2728094227496231	0.003836327620843741	25.534	
Repetition 21	0.999612036133611	0.3912271612501209	0.4342352077865059	0.4378058698267748	1.0073404226961322	11.897253542009992	0.9999999984927432	0.0001748855900736245	24.554	
Repetition 22	1.0001283891597346	0.37732900863157026	0.4693011617144261	0.43900580270763484	0.9549299673788921	4.388531127600281	0.04974655862864949	1.149565561427455e-07	24.487	
Repetition 23	1.0003543325710884	0.35953005036806385	0.47862717429101553	0.4810525442801192	1.0891980391989697	14.685172644321083	0.46468480892884284	0.0009726689091509537	22.347	
Repetition 24	1.0001906432613226	0.395163218912415	0.4465131604487105	0.4194045075198854	1.0528756203881902	19.999999999999996	0.9999999999999999	0.0002677050220204731	25.632	
Repetition 25	0.9991116014066428	0.418656603351439	0.4767036637096699	0.8204609367738075	0.5864150184564565	0.8836750423632587	0.40620192516964293	8.512842229129486e-08	13.102	
Repetition 26	0.9998379469983603	0.40438007345641425	0.4577723863946035	0.4421806513328355	0.973850832828741	12.489949530697167	0.15371074555905823	5.925738737398075e-07	24.311	
Repetition 27	0.9999907255531093	0.37055045561924865	0.4784580770503209	0.35820981972810945	0.9624558324032264	19.999999363693252	0.9999999999103755	0.0003752189268566548	30.01	
Repetition 28	0.9999879010198262	0.37888707023536183	0.5063854119107201	0.40003620913779125	0.9203440274185707	10.104067105706365	0.9713987691750928	0.0002735658190214555	26.873	
Repetition 29	0.9999222748421233	0.37922125275720614	0.4742910260200209	0.46019070211462965	0.9053779855051001	3.187351595436077	0.14904461553215256	0.0007137827520071333	23.36	
Repetition 30	1.0003675555860159	0.38245384179319664	0.48503501002492816	0.839890267593358	0.7116227056468609	0.9549029148712572	0.9999998555880203	0.00015177686547164756	12.799	
Repetition 31	1.0003479780851012	0.39862528255962676	0.48326624448030764	0.5017382768960408	0.6923353290127502	1.568687466081284	0.9999999999999716	0.00010977880475514968	21.426	
Repetition 32	0.9994611355447494	0.4174778104257054	0.5284720552998307	0.5574395767209601	0.9112259345053799	17.10577724009556	0.24067995085293906	0.00039047460711856877	19.285	
Repetition 33	1.0004444074267573	0.3750306539950441	0.4600388929861882	0.47763548695114777	1.0571432984381055	19.999984600028256	0.2347864332372252	2.678267373255403e-07	22.507	
Repetition 34	0.9965081715417597	0.5616554962224071	0.5980590740255782	1.3359648513092195	0.5865389269462725	1.3731113660606218	0.358830319235941	0.0003136287758952542	8.047	
Repetition 35	1.0001491373272065	0.35382309297154746	0.4501100082747976	0.5393542242784631	1.095270864752489	15.18719968155053	0.4112071488601487	0.007183453827588931	19.931	
Repetition 36	1.0001950154680552	0.35830295295448455	0.4924298015392739	0.4319564120829363	1.0282902974333377	19.999879329276755	0.38747613114544166	0.0033057001457380986	24.887	
Repetition 37	0.9997895749285025	0.3404863449118289	0.46946434837500955	0.5419760210851826	1.1012773679788532	4.905060362828733	0.3452680193075666	0.010375103852068938	19.835	
Repetition 38	0.9939804187060111	0.8083114928951991	0.5473734593317736	0.0007274603206299212	0.10474177632769963	19.999853320837374	0.4277072096903509	3.949147978883107e-06	14777.438	
Repetition 39	0.9995939702182213	0.39873060227108353	0.4485226903760664	0.7895316751491013	0.7431143486968944	1.1523372856165575	0.7088421845128782	0.00039840035441223424	13.616	
Repetition 40	0.9997126913273652	0.3843762490945533	0.5138597691982637	0.4190912120226176	0.9116289268281362	12.144956451812027	0.9999999999999926	0.00035726064944203783	25.651	
channel 1 vs 2
name	offset	GN0	A	txy	alpha	AR	B	T_tri	N	cpm	D	
Repetition 1	1.0005158673635686	0.40537987595262903	0.44253792147515264	0.3980350747442604	0.8693025887836803	5.746295083191182	0.9999999999970248	0.00018889614973324447	27.008	
Repetition 2	0.9997722928370307	0.3913451352707976	0.43935005452941694	0.43072290662835533	0.9664466746777198	19.999728765478835	0.6749120598085974	2.556083480281925e-05	24.958	
Repetition 3	0.9993701046885768	0.40066964196553045	0.44511531157658973	0.44743856871360127	1.0635903058393898	17.628063253413508	0.40812197249834686	0.0003932469896975791	24.026	
Repetition 4	0.9998338433122259	0.39461057510867475	0.4503221955314541	0.44169795357832164	0.9879886206297255	11.982766981635887	0.888952247256844	0.00036244711458112574	24.338	
Repetition 5	1.0002988920740843	0.3665107481550581	0.45457764654136146	0.47955640985808895	1.069470466920114	19.745610698678526	0.5247585320802954	0.0008258889238181754	22.417	
Repetition 6	0.9999781000936293	0.36172012374271995	0.45410981936065226	0.4627009701566479	1.0906365012502464	12.263045270151547	0.8372320644506506	0.00034029760610726603	23.233	
Repetition 7	0.9994339216116853	0.3755955602997725	0.4683361983664018	0.49553561949849045	0.956319014335278	5.651464817924241	0.04606258245672905	1.3107553759686769e-07	21.694	
Repetition 8	1.0003424913536183	0.4149946461418229	0.4757954642498593	0.5699024101531849	0.6714088306602559	1.3435633627510835	0.3406660170173351	2.450211645257613e-06	18.863	
Repetition 9	1.0001855543014402	0.3967803848682836	0.4508613015165298	0.592151398638723	0.8423661572324325	1.6617035443354646	0.32464775113144156	0.001440203854229597	18.154	
Repetition 10	0.991068773753732	0.6944225518985921	0.5070392140759175	0.041866512611759596	4.7432393892501834e-11	2.055866924464432	0.49452723067412835	0.0012334614021123878	256.768	
Repetition 11	0.9999896196033684	0.3717696822413549	0.45115932194230285	0.47236825321480713	1.0663323759064272	19.96941970937709	0.633595616578183	0.0016033771406585452	22.758	
Repetition 12	1.0006098971787327	0.3503672102717469	0.45281178130608035	0.55618700389232	1.1016916814771032	15.468818678734683	0.38469973926963613	0.0057202115614601095	19.328	
Repetition 13	0.9987990412292631	0.8161422458339901	0.6599381688259035	1.2244897227340592	0.8989516253885742	4.334407936625182	0.16941335063805832	0.003847324045747893	8.779	
Repetition 14	1.0001491708545935	0.3386953384856763	0.4910604894169139	0.4781843285558445	1.0777001652601836	15.269043401064277	0.4042972887257086	0.002779592943025434	22.481	
Repetition 15	1.0003882909356088	0.3568599015943496	0.4649364131850362	0.5064505747126592	1.069704873485681	19.99980468771558	0.012016157815568973	6.019895830616283e-06	21.226	
Repetition 16	0.9999690364853525	0.39786814216499194	0.46385208964238545	0.4067985321980118	0.9537653358024846	19.99996513643303	0.20675138085638323	2.3061865939002783e-06	26.426	
Repetition 17	0.9979492253939167	0.5296316652030947	0.4810619733691396	0.2237931539316898	0.3818657915745192	1.6652201767731094	0.9999133995078732	0.00013180184968289373	48.035	
Repetition 18	0.9991376601723023	0.3952496591976368	0.4814085899225308	0.5623617089452996	0.6444410624772341	1.1816669852256412	0.0030686035237066714	8.833854452318351e-06	19.116	
Repetition 19	0.9998402678203292	0.3599795083156746	0.47084572601514524	0.47384488665006835	1.0620452094877872	19.986286647759776	0.9999999990467134	0.00019252135548114923	22.687	
Repetition 20	0.9989150987658924	0.4231139373112224	0.49541614510845405	0.6651673144590666	0.5032695395494724	0.956567023098337	0.10640160491232975	4.1220189640241365e-07	16.161	
Repetition 21	0.9995347763006722	0.39716323209221066	0.4758940166408222	0.6332097223764012	0.6919534329729663	1.0920243284498092	0.014726761802219789	4.044542200270403e-07	16.977	
Repetition 22	0.9945542765295049	0.7840243286235542	0.5281590878610317	0.0008182096095685889	0.11611983300164594	19.998753449204973	0.9999999999999999	0.00011912248451238634	13138.443	
Repetition 23	0.9995729728761629	0.39788176034666883	0.48411407475208895	0.4992325151735626	0.6919728180453585	1.627020492039715	0.26639794449757964	0.00036746109822961425	21.533	
Repetition 24	0.9913176668951468	0.730784405009495	0.5057576023324895	0.043900863593583125	2.0707295788431596e-16	1.8436336546965368	0.5154142891407789	0.001785150698136443	244.87	
Repetition 25	0.9990040723318075	0.39973720580931615	0.47196249309273636	0.4143432570966748	0.8753209928852224	17.772224746087844	0.3186087323664992	0.00015447580145538128	25.945	
Repetition 26	0.9994330797077735	0.37975409126843884	0.5013509748455871	0.4036980696151105	0.9411359176471232	17.74281667189116	0.27343319415207185	0.0005845215976404938	26.629	
Repetition 27	1.000170635572713	0.39420017787367534	0.45370225574755507	0.3727804633602127	0.9009655763685107	4.1283449032817945	0.26022748093369374	0.004243136178742127	28.837	
Repetition 28	0.9991869645772583	0.38912372261871836	0.49680079564847285	0.3800184237938765	0.9217713884920297	15.82951853835136	0.009461373394344247	0.006781086366885912	28.288	
Repetition 29	0.9989971554595695	0.38888065105784764	0.47340049487385594	0.36227060956806745	0.9052690913699013	14.574055910709095	0.41957254025356205	0.0001127674689581332	29.674	
Repetition 30	1.000204133230834	0.38304197257600153	0.4598039634993047	0.425630601546874	0.9716371634408529	11.334568447595101	0.6092108057007996	0.001292951474788131	25.257	
Repetition 31	0.9999538385469322	0.39423349153605186	0.4787393804153918	0.36094065634395195	0.8979966937887571	8.343690384252655	0.9999999999999999	0.00010343825409111429	29.783	
Repetition 32	0.999984922861599	0.4237914117488112	0.5168229705411268	1.520251477563494	0.747153689362376	0.6680963837976863	0.9999999999999999	0.00014418804373846766	7.071	
Repetition 33	0.9989257604405786	0.4041402902264271	0.48827372453055673	0.5457296018576328	0.5919964400593739	1.3124123221266513	0.40605301885352474	4.841414402587878e-06	19.698	
Repetition 34	0.9977314700524321	0.5194841273283085	0.6013011734765267	0.8830179988879299	0.8672077235358187	7.7247462378327985	0.9999999999999999	0.0002221979355447701	12.174	
Repetition 35	1.000646983861288	0.3861102619676	0.423680925896446	0.7024544854089446	0.9791432854536996	1.4407962893800672	0.45219027696668634	0.0005490339766959805	15.303	
Repetition 36	0.9996788721986385	0.4012166789247544	0.4448005828611054	0.44224729146859315	0.9953537417386672	19.999999872143487	0.9999999999633276	0.00019285020796521587	24.308	
Repetition 37	0.9997403872935958	0.3588993514412725	0.45914413291048206	0.48641764508534036	1.1191391258927967	19.999547242229816	0.2298531251571698	1.536176134553496e-07	22.1	
Repetition 38	0.9996733034342118	0.3976318306890299	0.47443900896272073	0.38697202648146545	0.883787536270908	14.733074539417538	0.6632128596271117	0.00018095241114146618	27.78	
Repetition 39	0.9997568001794509	0.4021809760679232	0.49400827304898803	0.7652601304526784	0.6333043536461206	0.8900654573751663	0.9999999999999999	0.0002550653187501274	14.048	
Repetition 40	0.9996446299858709	0.3992813417240515	0.482654923587706	0.8550664393119517	0.6958920082117716	0.9647803373414258	0.9999999999996299	0.00024442795681921573	12.572	

GP data: 
name	A	Mean	Sigma	
Repetition 1	32.90221014193351	-0.036129675774731806	0.07584365670689452	
Repetition 2	26.342113454648207	-0.015317665872551567	0.08759060094654258	
Repetition 3	23.677590105235513	-0.007600831370980554	0.07824910835150733	
Repetition 4	39.52972423961532	-0.017255046528989793	0.07996539028844962	
Repetition 5	27.60775593426079	-0.02779517028194478	0.08789048726199189	
Repetition 6	21.848763314374352	-0.03567710956839176	0.08394941123405886	
Repetition 7	34.7777846423819	-0.030684699015490535	0.07624410147942373	
Repetition 8	33.08922905400691	-0.01814205071039876	0.06829320479756396	
Repetition 9	26.601771641877605	-0.023017738486891037	0.07319869260553125	
Repetition 10	31.91118905329915	-0.026173107710768972	0.07236039264364913	
Repetition 11	26.970852724346184	-0.03266714385095748	0.07625584477871827	
Repetition 12	33.3290109258233	-0.020513285091640077	0.055612551419812695	
Repetition 13	7.669717844135393	0.0036084578258857025	0.09453625342538663	
Repetition 14	30.96614242501572	-0.011578298288383304	0.08228819063843207	
Repetition 15	22.025259751361492	-0.03348722148834371	0.081059616018204	
Repetition 16	34.76437097421514	-0.017619558545304614	0.07314039471635936	
Repetition 17	28.358971269361042	-0.03167294226252093	0.0888326359810816	
Repetition 18	20.17273457776303	-0.004736068059447485	0.08299260282440768	
Repetition 19	31.40326868905752	-0.02540544913254794	0.07457963516295996	
Repetition 20	37.737995243896094	-0.011978206745989262	0.06635772849651711	
Repetition 21	27.224350871571936	-0.026314435868321606	-0.08062896659502217	
Repetition 22	28.823351548967203	0.0020598621888203716	0.07691521227748654	
Repetition 23	29.75739354262208	0.005916012212839661	-0.0683974530741811	
Repetition 24	25.78838163404096	-0.014500684471679515	-0.08975411191639149	
Repetition 25	24.034968737661757	-0.019459211182431657	0.08950734808596694	
Repetition 26	20.47397882665225	-0.032821722164293354	0.1011739641596392	
Repetition 27	22.937384364266066	-0.017165736859910297	0.09587531521855341	
Repetition 28	36.66598672742383	-0.0045099812176605525	0.07150674641049792	
Repetition 29	25.881990998225525	-0.049037835506447025	0.09043314937466618	
Repetition 30	25.39217987693021	-0.020961661590381375	0.08625271283212754	
Repetition 31	25.93482030796901	-0.018013011697985526	-0.09409760839127435	
Repetition 32	19.05785392016357	-0.0010081621150409559	0.0903040565254194	
Repetition 33	33.55842326388636	-0.023409210983852735	0.06697360780645822	
Repetition 34	15.329069307186138	-0.0009299442185867202	0.09347842085381286	
Repetition 35	34.072199710619145	-0.036016669658895384	0.06743223755151018	
Repetition 36	26.572241329043678	-0.02233733347625233	0.08115401299437774	
Repetition 37	28.19973483919047	-0.010338954233950481	0.08623618216995532	
Repetition 38	30.00093295768391	-0.020333851745683584	0.0699578162293637	
Repetition 39	24.255489932644146	-0.026165273249974974	0.0860708756180586	
Repetition 40	29.987422661876817	0.006621738983238146	0.06378017761032773	
